mutation_id	ref_counts	var_counts	normal_cn	minor_cn	major_cn
1	484	516	2	1	1
2	517	483	2	1	1
3	513	487	2	1	1
4	496	504	2	1	1
5	534	466	2	1	1
6	507	493	2	1	1
7	473	527	2	1	1
8	511	489	2	1	1
9	496	504	2	1	1
10	503	497	2	1	1
11	488	512	2	1	1
12	507	493	2	1	1
13	490	510	2	1	1
14	483	517	2	1	1
15	495	505	2	1	1
16	504	496	2	1	1
17	482	518	2	1	1
18	513	487	2	1	1
19	476	524	2	1	1
20	521	479	2	1	1
21	513	487	2	1	1
22	496	504	2	1	1
23	491	509	2	1	1
24	495	505	2	1	1
25	482	518	2	1	1
26	489	511	2	1	1
27	521	479	2	1	1
28	484	516	2	1	1
29	516	484	2	1	1
30	486	514	2	1	1
31	534	466	2	1	1
32	445	555	2	1	1
33	499	501	2	1	1
34	532	468	2	1	1
35	493	507	2	1	1
36	505	495	2	1	1
37	516	484	2	1	1
38	512	488	2	1	1
39	493	507	2	1	1
40	488	512	2	1	1
41	421	579	2	1	2
42	468	532	2	1	2
43	434	566	2	1	2
44	433	567	2	1	2
45	413	587	2	1	2
46	432	568	2	1	2
47	461	539	2	1	2
48	461	539	2	1	2
49	425	575	2	1	2
50	434	566	2	1	2
51	467	533	2	1	2
52	430	570	2	1	2
53	431	569	2	1	2
54	445	555	2	1	2
55	435	565	2	1	2
56	419	581	2	1	2
57	473	527	2	1	2
58	431	569	2	1	2
59	412	588	2	1	2
60	458	542	2	1	2
61	507	493	2	1	1
62	510	490	2	1	1
63	489	511	2	1	1
64	513	487	2	1	1
65	500	500	2	1	1
66	475	525	2	1	1
67	521	479	2	1	1
68	496	504	2	1	1
69	500	500	2	1	1
70	521	479	2	1	1
71	501	499	2	1	1
72	536	464	2	1	1
73	476	524	2	1	1
74	505	495	2	1	1
75	491	509	2	1	1
76	493	507	2	1	1
77	510	490	2	1	1
78	520	480	2	1	1
79	488	512	2	1	1
80	506	494	2	1	1
81	422	578	2	0	2
82	403	597	2	0	2
83	391	609	2	0	2
84	409	591	2	0	2
85	416	584	2	0	2
86	399	601	2	0	2
87	411	589	2	0	2
88	407	593	2	0	2
89	420	580	2	0	2
90	420	580	2	0	2
91	385	615	2	0	2
92	431	569	2	0	2
93	380	620	2	0	2
94	405	595	2	0	2
95	391	609	2	0	2
96	393	607	2	0	2
97	408	592	2	0	2
98	379	621	2	0	2
99	387	613	2	0	2
100	409	591	2	0	2
