mutation_id	ref_counts	var_counts	normal_cn	minor_cn	major_cn
1	32	28	2	1	1
2	30	30	2	1	1
3	33	27	2	1	1
4	34	26	2	1	1
5	33	27	2	1	1
6	28	32	2	1	1
7	34	26	2	1	1
8	37	23	2	1	1
9	30	30	2	1	1
10	36	24	2	1	1
11	29	31	2	1	1
12	31	29	2	1	1
13	33	27	2	1	1
14	25	35	2	1	1
15	31	29	2	1	1
16	29	31	2	1	1
17	34	26	2	1	1
18	25	35	2	1	1
19	31	29	2	1	1
20	27	33	2	1	1
21	31	29	2	1	2
22	24	36	2	1	2
23	24	36	2	1	2
24	36	24	2	1	2
25	25	35	2	1	2
26	26	34	2	1	2
27	24	36	2	1	2
28	31	29	2	1	2
29	24	36	2	1	2
30	23	37	2	1	2
31	26	34	2	1	1
32	31	29	2	1	1
33	26	34	2	1	1
34	26	34	2	1	1
35	28	32	2	1	1
36	33	27	2	1	1
37	30	30	2	1	1
38	29	31	2	1	1
39	30	30	2	1	1
40	33	27	2	1	1
41	17	43	2	0	2
42	20	40	2	0	2
43	26	34	2	0	2
44	27	33	2	0	2
45	26	34	2	0	2
46	24	36	2	0	2
47	28	32	2	0	2
48	22	38	2	0	2
49	24	36	2	0	2
50	20	40	2	0	2
