mutation_id	ref_counts	var_counts	normal_cn	minor_cn	major_cn
1	60	60	2	1	1
2	47	73	2	1	1
3	59	61	2	1	1
4	57	63	2	1	1
5	57	63	2	1	1
6	57	63	2	1	1
7	63	57	2	1	1
8	61	59	2	1	1
9	63	57	2	1	1
10	55	65	2	1	1
11	63	57	2	1	1
12	65	55	2	1	1
13	60	60	2	1	1
14	66	54	2	1	1
15	56	64	2	1	1
16	55	65	2	1	1
17	62	58	2	1	1
18	63	57	2	1	1
19	61	59	2	1	1
20	59	61	2	1	1
21	55	65	2	1	1
22	70	50	2	1	1
23	59	61	2	1	1
24	65	55	2	1	1
25	61	59	2	1	1
26	60	60	2	1	1
27	60	60	2	1	1
28	58	62	2	1	1
29	63	57	2	1	1
30	65	55	2	1	1
31	62	58	2	1	1
32	65	55	2	1	1
33	51	69	2	1	1
34	59	61	2	1	1
35	56	64	2	1	1
36	62	58	2	1	1
37	53	67	2	1	1
38	61	59	2	1	1
39	62	58	2	1	1
40	63	57	2	1	1
41	54	66	2	1	2
42	55	65	2	1	2
43	48	72	2	1	2
44	67	53	2	1	2
45	50	70	2	1	2
46	58	62	2	1	2
47	43	77	2	1	2
48	51	69	2	1	2
49	50	70	2	1	2
50	42	78	2	1	2
51	64	56	2	1	2
52	51	69	2	1	2
53	62	58	2	1	2
54	48	72	2	1	2
55	50	70	2	1	2
56	58	62	2	1	2
57	53	67	2	1	2
58	55	65	2	1	2
59	53	67	2	1	2
60	53	67	2	1	2
61	63	57	2	1	1
62	53	67	2	1	1
63	54	66	2	1	1
64	49	71	2	1	1
65	59	61	2	1	1
66	59	61	2	1	1
67	63	57	2	1	1
68	67	53	2	1	1
69	52	68	2	1	1
70	75	45	2	1	1
71	56	64	2	1	1
72	50	70	2	1	1
73	56	64	2	1	1
74	54	66	2	1	1
75	66	54	2	1	1
76	63	57	2	1	1
77	60	60	2	1	1
78	61	59	2	1	1
79	68	52	2	1	1
80	54	66	2	1	1
81	56	64	2	0	2
82	47	73	2	0	2
83	48	72	2	0	2
84	46	74	2	0	2
85	54	66	2	0	2
86	36	84	2	0	2
87	39	81	2	0	2
88	47	73	2	0	2
89	49	71	2	0	2
90	42	78	2	0	2
91	50	70	2	0	2
92	46	74	2	0	2
93	43	77	2	0	2
94	47	73	2	0	2
95	44	76	2	0	2
96	53	67	2	0	2
97	50	70	2	0	2
98	53	67	2	0	2
99	39	81	2	0	2
100	52	68	2	0	2
