mutation_id	ref_counts	var_counts	normal_cn	minor_cn	major_cn
1	12	18	2	1	1
2	11	19	2	1	1
3	15	15	2	1	1
4	16	14	2	1	1
5	14	16	2	1	1
6	15	15	2	1	1
7	20	10	2	1	1
8	17	13	2	1	1
9	14	16	2	1	1
10	14	16	2	1	1
11	11	19	2	1	1
12	16	14	2	1	1
13	10	20	2	1	1
14	13	17	2	1	1
15	15	15	2	1	1
16	15	15	2	1	1
17	11	19	2	1	1
18	11	19	2	1	1
19	16	14	2	1	1
20	17	13	2	1	1
21	12	18	2	1	1
22	14	16	2	1	1
23	12	18	2	1	1
24	15	15	2	1	1
25	14	16	2	1	1
26	17	13	2	1	1
27	14	16	2	1	1
28	16	14	2	1	1
29	17	13	2	1	1
30	17	13	2	1	1
31	14	16	2	1	1
32	11	19	2	1	1
33	15	15	2	1	1
34	13	17	2	1	1
35	17	13	2	1	1
36	11	19	2	1	1
37	16	14	2	1	1
38	15	15	2	1	1
39	13	17	2	1	1
40	17	13	2	1	1
41	14	16	2	1	2
42	11	19	2	1	2
43	14	16	2	1	2
44	8	22	2	1	2
45	9	21	2	1	2
46	12	18	2	1	2
47	14	16	2	1	2
48	13	17	2	1	2
49	13	17	2	1	2
50	14	16	2	1	2
51	14	16	2	1	2
52	17	13	2	1	2
53	16	14	2	1	2
54	18	12	2	1	2
55	10	20	2	1	2
56	12	18	2	1	2
57	9	21	2	1	2
58	14	16	2	1	2
59	13	17	2	1	2
60	16	14	2	1	2
61	15	15	2	1	1
62	18	12	2	1	1
63	17	13	2	1	1
64	10	20	2	1	1
65	14	16	2	1	1
66	14	16	2	1	1
67	15	15	2	1	1
68	11	19	2	1	1
69	17	13	2	1	1
70	16	14	2	1	1
71	16	14	2	1	1
72	16	14	2	1	1
73	12	18	2	1	1
74	15	15	2	1	1
75	16	14	2	1	1
76	18	12	2	1	1
77	14	16	2	1	1
78	15	15	2	1	1
79	14	16	2	1	1
80	15	15	2	1	1
81	12	18	2	0	2
82	15	15	2	0	2
83	11	19	2	0	2
84	9	21	2	0	2
85	9	21	2	0	2
86	18	12	2	0	2
87	10	20	2	0	2
88	13	17	2	0	2
89	14	16	2	0	2
90	9	21	2	0	2
91	9	21	2	0	2
92	12	18	2	0	2
93	13	17	2	0	2
94	15	15	2	0	2
95	11	19	2	0	2
96	10	20	2	0	2
97	12	18	2	0	2
98	12	18	2	0	2
99	10	20	2	0	2
100	12	18	2	0	2
