mutation_id	ref_counts	var_counts	normal_cn	minor_cn	major_cn
1	66	54	2	1	1
2	68	52	2	1	1
3	59	61	2	1	1
4	60	60	2	1	1
5	59	61	2	1	1
6	54	66	2	1	1
7	57	63	2	1	1
8	62	58	2	1	1
9	64	56	2	1	1
10	57	63	2	1	1
11	52	68	2	1	1
12	69	51	2	1	1
13	52	68	2	1	1
14	60	60	2	1	1
15	69	51	2	1	1
16	59	61	2	1	1
17	59	61	2	1	1
18	55	65	2	1	1
19	60	60	2	1	1
20	59	61	2	1	1
21	58	62	2	1	2
22	62	58	2	1	2
23	53	67	2	1	2
24	49	71	2	1	2
25	56	64	2	1	2
26	51	69	2	1	2
27	52	68	2	1	2
28	52	68	2	1	2
29	51	69	2	1	2
30	52	68	2	1	2
31	56	64	2	1	1
32	64	56	2	1	1
33	48	72	2	1	1
34	57	63	2	1	1
35	62	58	2	1	1
36	56	64	2	1	1
37	62	58	2	1	1
38	67	53	2	1	1
39	61	59	2	1	1
40	48	72	2	1	1
41	40	80	2	0	2
42	57	63	2	0	2
43	47	73	2	0	2
44	49	71	2	0	2
45	52	68	2	0	2
46	40	80	2	0	2
47	49	71	2	0	2
48	58	62	2	0	2
49	40	80	2	0	2
50	39	81	2	0	2
