mutation_id	ref_counts	var_counts	normal_cn	minor_cn	major_cn
1	488	512	2	1	1
2	472	528	2	1	1
3	508	492	2	1	1
4	538	462	2	1	1
5	506	494	2	1	1
6	498	502	2	1	1
7	497	503	2	1	1
8	475	525	2	1	1
9	477	523	2	1	1
10	514	486	2	1	1
11	493	507	2	1	1
12	499	501	2	1	1
13	477	523	2	1	1
14	522	478	2	1	1
15	489	511	2	1	1
16	493	507	2	1	1
17	520	480	2	1	1
18	504	496	2	1	1
19	497	503	2	1	1
20	529	471	2	1	1
21	432	568	2	1	2
22	434	566	2	1	2
23	419	581	2	1	2
24	428	572	2	1	2
25	426	574	2	1	2
26	450	550	2	1	2
27	371	629	2	1	2
28	446	554	2	1	2
29	448	552	2	1	2
30	430	570	2	1	2
31	491	509	2	1	1
32	511	489	2	1	1
33	479	521	2	1	1
34	494	506	2	1	1
35	516	484	2	1	1
36	493	507	2	1	1
37	542	458	2	1	1
38	517	483	2	1	1
39	501	499	2	1	1
40	480	520	2	1	1
41	417	583	2	0	2
42	394	606	2	0	2
43	406	594	2	0	2
44	393	607	2	0	2
45	412	588	2	0	2
46	386	614	2	0	2
47	374	626	2	0	2
48	403	597	2	0	2
49	430	570	2	0	2
50	372	628	2	0	2
