mutation_id	ref_counts	var_counts	normal_cn	minor_cn	major_cn
1	488	512	2	1	1
2	519	481	2	1	1
3	473	527	2	1	1
4	501	499	2	1	1
5	469	531	2	1	1
6	509	491	2	1	1
7	485	515	2	1	1
8	508	492	2	1	1
9	492	508	2	1	1
10	495	505	2	1	1
11	529	471	2	1	1
12	488	512	2	1	1
13	501	499	2	1	1
14	496	504	2	1	1
15	470	530	2	1	1
16	461	539	2	1	1
17	512	488	2	1	1
18	502	498	2	1	1
19	484	516	2	1	1
20	498	502	2	1	1
21	516	484	2	1	1
22	518	482	2	1	1
23	519	481	2	1	1
24	476	524	2	1	1
25	469	531	2	1	1
26	493	507	2	1	1
27	504	496	2	1	1
28	479	521	2	1	1
29	475	525	2	1	1
30	496	504	2	1	1
31	512	488	2	1	1
32	470	530	2	1	1
33	504	496	2	1	1
34	474	526	2	1	1
35	507	493	2	1	1
36	487	513	2	1	1
37	531	469	2	1	1
38	500	500	2	1	1
39	511	489	2	1	1
40	491	509	2	1	1
41	463	537	2	1	2
42	411	589	2	1	2
43	402	598	2	1	2
44	460	540	2	1	2
45	446	554	2	1	2
46	446	554	2	1	2
47	460	540	2	1	2
48	445	555	2	1	2
49	408	592	2	1	2
50	424	576	2	1	2
51	447	553	2	1	2
52	432	568	2	1	2
53	461	539	2	1	2
54	427	573	2	1	2
55	435	565	2	1	2
56	436	564	2	1	2
57	438	562	2	1	2
58	420	580	2	1	2
59	445	555	2	1	2
60	450	550	2	1	2
61	520	480	2	1	1
62	511	489	2	1	1
63	493	507	2	1	1
64	512	488	2	1	1
65	529	471	2	1	1
66	492	508	2	1	1
67	498	502	2	1	1
68	495	505	2	1	1
69	516	484	2	1	1
70	526	474	2	1	1
71	510	490	2	1	1
72	507	493	2	1	1
73	503	497	2	1	1
74	503	497	2	1	1
75	486	514	2	1	1
76	467	533	2	1	1
77	467	533	2	1	1
78	538	462	2	1	1
79	520	480	2	1	1
80	464	536	2	1	1
81	398	602	2	0	2
82	385	615	2	0	2
83	400	600	2	0	2
84	382	618	2	0	2
85	412	588	2	0	2
86	421	579	2	0	2
87	400	600	2	0	2
88	398	602	2	0	2
89	415	585	2	0	2
90	400	600	2	0	2
91	405	595	2	0	2
92	386	614	2	0	2
93	404	596	2	0	2
94	407	593	2	0	2
95	387	613	2	0	2
96	433	567	2	0	2
97	426	574	2	0	2
98	391	609	2	0	2
99	401	599	2	0	2
100	411	589	2	0	2
