mutation_id	ref_counts	var_counts	normal_cn	minor_cn	major_cn
1	18	12	2	1	1
2	19	11	2	1	1
3	17	13	2	1	1
4	15	15	2	1	1
5	20	10	2	1	1
6	15	15	2	1	1
7	7	23	2	1	1
8	17	13	2	1	1
9	18	12	2	1	1
10	13	17	2	1	1
11	13	17	2	1	1
12	11	19	2	1	1
13	13	17	2	1	1
14	15	15	2	1	1
15	14	16	2	1	1
16	11	19	2	1	1
17	13	17	2	1	1
18	12	18	2	1	1
19	17	13	2	1	1
20	19	11	2	1	1
21	13	17	2	1	1
22	12	18	2	1	1
23	15	15	2	1	1
24	15	15	2	1	1
25	14	16	2	1	1
26	15	15	2	1	1
27	17	13	2	1	1
28	16	14	2	1	1
29	10	20	2	1	1
30	21	9	2	1	1
31	14	16	2	1	1
32	16	14	2	1	1
33	18	12	2	1	1
34	13	17	2	1	1
35	11	19	2	1	1
36	19	11	2	1	1
37	14	16	2	1	1
38	14	16	2	1	1
39	16	14	2	1	1
40	17	13	2	1	1
41	12	18	2	1	2
42	12	18	2	1	2
43	7	23	2	1	2
44	13	17	2	1	2
45	8	22	2	1	2
46	8	22	2	1	2
47	11	19	2	1	2
48	14	16	2	1	2
49	13	17	2	1	2
50	14	16	2	1	2
51	12	18	2	1	2
52	9	21	2	1	2
53	16	14	2	1	2
54	13	17	2	1	2
55	13	17	2	1	2
56	14	16	2	1	2
57	11	19	2	1	2
58	14	16	2	1	2
59	11	19	2	1	2
60	15	15	2	1	2
61	12	18	2	1	1
62	17	13	2	1	1
63	9	21	2	1	1
64	16	14	2	1	1
65	14	16	2	1	1
66	13	17	2	1	1
67	16	14	2	1	1
68	13	17	2	1	1
69	13	17	2	1	1
70	15	15	2	1	1
71	15	15	2	1	1
72	15	15	2	1	1
73	16	14	2	1	1
74	13	17	2	1	1
75	17	13	2	1	1
76	17	13	2	1	1
77	15	15	2	1	1
78	17	13	2	1	1
79	12	18	2	1	1
80	12	18	2	1	1
81	13	17	2	0	2
82	12	18	2	0	2
83	9	21	2	0	2
84	13	17	2	0	2
85	11	19	2	0	2
86	14	16	2	0	2
87	11	19	2	0	2
88	15	15	2	0	2
89	8	22	2	0	2
90	10	20	2	0	2
91	14	16	2	0	2
92	7	23	2	0	2
93	9	21	2	0	2
94	16	14	2	0	2
95	9	21	2	0	2
96	14	16	2	0	2
97	12	18	2	0	2
98	16	14	2	0	2
99	10	20	2	0	2
100	11	19	2	0	2
