mutation_id	ref_counts	var_counts	normal_cn	minor_cn	major_cn
1	28	32	2	1	1
2	33	27	2	1	1
3	33	27	2	1	1
4	23	37	2	1	1
5	34	26	2	1	1
6	33	27	2	1	1
7	32	28	2	1	1
8	34	26	2	1	1
9	26	34	2	1	1
10	29	31	2	1	1
11	29	31	2	1	1
12	30	30	2	1	1
13	27	33	2	1	1
14	27	33	2	1	1
15	32	28	2	1	1
16	30	30	2	1	1
17	37	23	2	1	1
18	26	34	2	1	1
19	25	35	2	1	1
20	30	30	2	1	1
21	36	24	2	1	2
22	31	29	2	1	2
23	21	39	2	1	2
24	27	33	2	1	2
25	28	32	2	1	2
26	25	35	2	1	2
27	26	34	2	1	2
28	18	42	2	1	2
29	21	39	2	1	2
30	28	32	2	1	2
31	29	31	2	1	1
32	29	31	2	1	1
33	30	30	2	1	1
34	38	22	2	1	1
35	31	29	2	1	1
36	31	29	2	1	1
37	25	35	2	1	1
38	27	33	2	1	1
39	30	30	2	1	1
40	29	31	2	1	1
41	21	39	2	0	2
42	31	29	2	0	2
43	29	31	2	0	2
44	29	31	2	0	2
45	24	36	2	0	2
46	20	40	2	0	2
47	22	38	2	0	2
48	19	41	2	0	2
49	22	38	2	0	2
50	29	31	2	0	2
