mutation_id	ref_counts	var_counts	normal_cn	minor_cn	major_cn
1	30	30	2	1	1
2	34	26	2	1	1
3	22	38	2	1	1
4	26	34	2	1	1
5	37	23	2	1	1
6	29	31	2	1	1
7	27	33	2	1	1
8	24	36	2	1	1
9	36	24	2	1	1
10	32	28	2	1	1
11	35	25	2	1	1
12	29	31	2	1	1
13	33	27	2	1	1
14	32	28	2	1	1
15	30	30	2	1	1
16	31	29	2	1	1
17	27	33	2	1	1
18	33	27	2	1	1
19	33	27	2	1	1
20	30	30	2	1	1
21	30	30	2	1	1
22	31	29	2	1	1
23	30	30	2	1	1
24	30	30	2	1	1
25	36	24	2	1	1
26	29	31	2	1	1
27	22	38	2	1	1
28	21	39	2	1	1
29	28	32	2	1	1
30	34	26	2	1	1
31	31	29	2	1	1
32	31	29	2	1	1
33	26	34	2	1	1
34	33	27	2	1	1
35	28	32	2	1	1
36	34	26	2	1	1
37	33	27	2	1	1
38	33	27	2	1	1
39	32	28	2	1	1
40	30	30	2	1	1
41	23	37	2	1	2
42	20	40	2	1	2
43	24	36	2	1	2
44	30	30	2	1	2
45	26	34	2	1	2
46	22	38	2	1	2
47	33	27	2	1	2
48	24	36	2	1	2
49	25	35	2	1	2
50	25	35	2	1	2
51	29	31	2	1	2
52	26	34	2	1	2
53	28	32	2	1	2
54	29	31	2	1	2
55	24	36	2	1	2
56	32	28	2	1	2
57	29	31	2	1	2
58	26	34	2	1	2
59	23	37	2	1	2
60	29	31	2	1	2
61	29	31	2	1	1
62	27	33	2	1	1
63	33	27	2	1	1
64	31	29	2	1	1
65	27	33	2	1	1
66	38	22	2	1	1
67	31	29	2	1	1
68	27	33	2	1	1
69	33	27	2	1	1
70	26	34	2	1	1
71	29	31	2	1	1
72	24	36	2	1	1
73	26	34	2	1	1
74	27	33	2	1	1
75	24	36	2	1	1
76	37	23	2	1	1
77	31	29	2	1	1
78	20	40	2	1	1
79	31	29	2	1	1
80	34	26	2	1	1
81	23	37	2	0	2
82	24	36	2	0	2
83	29	31	2	0	2
84	30	30	2	0	2
85	21	39	2	0	2
86	24	36	2	0	2
87	18	42	2	0	2
88	23	37	2	0	2
89	20	40	2	0	2
90	28	32	2	0	2
91	21	39	2	0	2
92	22	38	2	0	2
93	25	35	2	0	2
94	24	36	2	0	2
95	22	38	2	0	2
96	20	40	2	0	2
97	30	30	2	0	2
98	25	35	2	0	2
99	26	34	2	0	2
100	30	30	2	0	2
