mutation_id	ref_counts	var_counts	normal_cn	minor_cn	major_cn
1	30	30	2	1	1
2	27	33	2	1	1
3	24	36	2	1	1
4	32	28	2	1	1
5	28	32	2	1	1
6	32	28	2	1	1
7	29	31	2	1	1
8	31	29	2	1	1
9	28	32	2	1	1
10	32	28	2	1	1
11	27	33	2	1	1
12	30	30	2	1	1
13	27	33	2	1	1
14	32	28	2	1	1
15	26	34	2	1	1
16	27	33	2	1	1
17	27	33	2	1	1
18	25	35	2	1	1
19	27	33	2	1	1
20	30	30	2	1	1
21	24	36	2	1	2
22	37	23	2	1	2
23	33	27	2	1	2
24	25	35	2	1	2
25	19	41	2	1	2
26	21	39	2	1	2
27	29	31	2	1	2
28	27	33	2	1	2
29	31	29	2	1	2
30	30	30	2	1	2
31	24	36	2	1	1
32	28	32	2	1	1
33	31	29	2	1	1
34	27	33	2	1	1
35	31	29	2	1	1
36	28	32	2	1	1
37	26	34	2	1	1
38	35	25	2	1	1
39	38	22	2	1	1
40	28	32	2	1	1
41	25	35	2	0	2
42	29	31	2	0	2
43	23	37	2	0	2
44	25	35	2	0	2
45	25	35	2	0	2
46	22	38	2	0	2
47	20	40	2	0	2
48	25	35	2	0	2
49	29	31	2	0	2
50	13	47	2	0	2
