mutation_id	ref_counts	var_counts	normal_cn	minor_cn	major_cn
1	50	70	2	1	1
2	55	65	2	1	1
3	56	64	2	1	1
4	64	56	2	1	1
5	63	57	2	1	1
6	65	55	2	1	1
7	55	65	2	1	1
8	58	62	2	1	1
9	62	58	2	1	1
10	55	65	2	1	1
11	58	62	2	1	1
12	52	68	2	1	1
13	59	61	2	1	1
14	56	64	2	1	1
15	53	67	2	1	1
16	67	53	2	1	1
17	64	56	2	1	1
18	66	54	2	1	1
19	56	64	2	1	1
20	61	59	2	1	1
21	47	73	2	1	2
22	58	62	2	1	2
23	62	58	2	1	2
24	51	69	2	1	2
25	41	79	2	1	2
26	49	71	2	1	2
27	51	69	2	1	2
28	49	71	2	1	2
29	46	74	2	1	2
30	56	64	2	1	2
31	62	58	2	1	1
32	56	64	2	1	1
33	63	57	2	1	1
34	66	54	2	1	1
35	57	63	2	1	1
36	62	58	2	1	1
37	65	55	2	1	1
38	57	63	2	1	1
39	55	65	2	1	1
40	68	52	2	1	1
41	53	67	2	0	2
42	50	70	2	0	2
43	48	72	2	0	2
44	48	72	2	0	2
45	45	75	2	0	2
46	55	65	2	0	2
47	44	76	2	0	2
48	53	67	2	0	2
49	52	68	2	0	2
50	53	67	2	0	2
