mutation_id	ref_counts	var_counts	normal_cn	minor_cn	major_cn
1	19	11	2	1	1
2	16	14	2	1	1
3	13	17	2	1	1
4	13	17	2	1	1
5	20	10	2	1	1
6	16	14	2	1	1
7	14	16	2	1	1
8	12	18	2	1	1
9	14	16	2	1	1
10	8	22	2	1	1
11	10	20	2	1	1
12	14	16	2	1	1
13	20	10	2	1	1
14	17	13	2	1	1
15	15	15	2	1	1
16	18	12	2	1	1
17	14	16	2	1	1
18	14	16	2	1	1
19	18	12	2	1	1
20	13	17	2	1	1
21	14	16	2	1	2
22	10	20	2	1	2
23	14	16	2	1	2
24	11	19	2	1	2
25	12	18	2	1	2
26	11	19	2	1	2
27	13	17	2	1	2
28	15	15	2	1	2
29	7	23	2	1	2
30	8	22	2	1	2
31	15	15	2	1	1
32	15	15	2	1	1
33	14	16	2	1	1
34	15	15	2	1	1
35	15	15	2	1	1
36	20	10	2	1	1
37	13	17	2	1	1
38	12	18	2	1	1
39	11	19	2	1	1
40	14	16	2	1	1
41	14	16	2	0	2
42	7	23	2	0	2
43	14	16	2	0	2
44	8	22	2	0	2
45	14	16	2	0	2
46	13	17	2	0	2
47	11	19	2	0	2
48	12	18	2	0	2
49	10	20	2	0	2
50	6	24	2	0	2
