mutation_id	ref_counts	var_counts	normal_cn	minor_cn	major_cn
1	494	506	2	1	1
2	481	519	2	1	1
3	496	504	2	1	1
4	503	497	2	1	1
5	474	526	2	1	1
6	485	515	2	1	1
7	511	489	2	1	1
8	516	484	2	1	1
9	514	486	2	1	1
10	524	476	2	1	1
11	503	497	2	1	1
12	514	486	2	1	1
13	507	493	2	1	1
14	500	500	2	1	1
15	544	456	2	1	1
16	521	479	2	1	1
17	505	495	2	1	1
18	501	499	2	1	1
19	493	507	2	1	1
20	497	503	2	1	1
21	472	528	2	1	1
22	474	526	2	1	1
23	502	498	2	1	1
24	498	502	2	1	1
25	484	516	2	1	1
26	508	492	2	1	1
27	505	495	2	1	1
28	530	470	2	1	1
29	497	503	2	1	1
30	504	496	2	1	1
31	511	489	2	1	1
32	502	498	2	1	1
33	477	523	2	1	1
34	466	534	2	1	1
35	520	480	2	1	1
36	530	470	2	1	1
37	502	498	2	1	1
38	486	514	2	1	1
39	499	501	2	1	1
40	496	504	2	1	1
41	420	580	2	1	2
42	433	567	2	1	2
43	435	565	2	1	2
44	421	579	2	1	2
45	410	590	2	1	2
46	468	532	2	1	2
47	421	579	2	1	2
48	446	554	2	1	2
49	428	572	2	1	2
50	450	550	2	1	2
51	432	568	2	1	2
52	443	557	2	1	2
53	405	595	2	1	2
54	407	593	2	1	2
55	426	574	2	1	2
56	445	555	2	1	2
57	434	566	2	1	2
58	460	540	2	1	2
59	425	575	2	1	2
60	424	576	2	1	2
61	503	497	2	1	1
62	480	520	2	1	1
63	509	491	2	1	1
64	499	501	2	1	1
65	496	504	2	1	1
66	517	483	2	1	1
67	499	501	2	1	1
68	501	499	2	1	1
69	484	516	2	1	1
70	448	552	2	1	1
71	514	486	2	1	1
72	488	512	2	1	1
73	508	492	2	1	1
74	520	480	2	1	1
75	455	545	2	1	1
76	511	489	2	1	1
77	494	506	2	1	1
78	500	500	2	1	1
79	476	524	2	1	1
80	536	464	2	1	1
81	406	594	2	0	2
82	389	611	2	0	2
83	416	584	2	0	2
84	395	605	2	0	2
85	367	633	2	0	2
86	398	602	2	0	2
87	425	575	2	0	2
88	389	611	2	0	2
89	419	581	2	0	2
90	394	606	2	0	2
91	412	588	2	0	2
92	372	628	2	0	2
93	410	590	2	0	2
94	416	584	2	0	2
95	401	599	2	0	2
96	380	620	2	0	2
97	405	595	2	0	2
98	386	614	2	0	2
99	381	619	2	0	2
100	405	595	2	0	2
