mutation_id	ref_counts	var_counts	normal_cn	minor_cn	major_cn
1	12	18	2	1	1
2	21	9	2	1	1
3	18	12	2	1	1
4	13	17	2	1	1
5	14	16	2	1	1
6	13	17	2	1	1
7	15	15	2	1	1
8	17	13	2	1	1
9	13	17	2	1	1
10	12	18	2	1	1
11	16	14	2	1	1
12	11	19	2	1	1
13	16	14	2	1	1
14	17	13	2	1	1
15	14	16	2	1	1
16	13	17	2	1	1
17	11	19	2	1	1
18	17	13	2	1	1
19	20	10	2	1	1
20	16	14	2	1	1
21	20	10	2	1	1
22	18	12	2	1	1
23	11	19	2	1	1
24	11	19	2	1	1
25	16	14	2	1	1
26	12	18	2	1	1
27	13	17	2	1	1
28	16	14	2	1	1
29	16	14	2	1	1
30	16	14	2	1	1
31	16	14	2	1	1
32	19	11	2	1	1
33	16	14	2	1	1
34	15	15	2	1	1
35	13	17	2	1	1
36	11	19	2	1	1
37	15	15	2	1	1
38	16	14	2	1	1
39	11	19	2	1	1
40	13	17	2	1	1
41	18	12	2	1	2
42	15	15	2	1	2
43	12	18	2	1	2
44	15	15	2	1	2
45	12	18	2	1	2
46	16	14	2	1	2
47	10	20	2	1	2
48	16	14	2	1	2
49	13	17	2	1	2
50	12	18	2	1	2
51	7	23	2	1	2
52	15	15	2	1	2
53	9	21	2	1	2
54	17	13	2	1	2
55	11	19	2	1	2
56	11	19	2	1	2
57	12	18	2	1	2
58	11	19	2	1	2
59	13	17	2	1	2
60	12	18	2	1	2
61	16	14	2	1	1
62	11	19	2	1	1
63	17	13	2	1	1
64	18	12	2	1	1
65	13	17	2	1	1
66	16	14	2	1	1
67	16	14	2	1	1
68	16	14	2	1	1
69	12	18	2	1	1
70	17	13	2	1	1
71	21	9	2	1	1
72	15	15	2	1	1
73	14	16	2	1	1
74	23	7	2	1	1
75	13	17	2	1	1
76	19	11	2	1	1
77	15	15	2	1	1
78	14	16	2	1	1
79	16	14	2	1	1
80	11	19	2	1	1
81	10	20	2	0	2
82	17	13	2	0	2
83	14	16	2	0	2
84	10	20	2	0	2
85	12	18	2	0	2
86	6	24	2	0	2
87	12	18	2	0	2
88	10	20	2	0	2
89	14	16	2	0	2
90	11	19	2	0	2
91	14	16	2	0	2
92	13	17	2	0	2
93	11	19	2	0	2
94	8	22	2	0	2
95	12	18	2	0	2
96	8	22	2	0	2
97	9	21	2	0	2
98	10	20	2	0	2
99	8	22	2	0	2
100	12	18	2	0	2
