mutation_id	ref_counts	var_counts	normal_cn	minor_cn	major_cn
1	13	17	2	1	1
2	16	14	2	1	1
3	15	15	2	1	1
4	10	20	2	1	1
5	15	15	2	1	1
6	15	15	2	1	1
7	16	14	2	1	1
8	17	13	2	1	1
9	14	16	2	1	1
10	10	20	2	1	1
11	21	9	2	1	1
12	19	11	2	1	1
13	18	12	2	1	1
14	16	14	2	1	1
15	13	17	2	1	1
16	14	16	2	1	1
17	14	16	2	1	1
18	18	12	2	1	1
19	11	19	2	1	1
20	16	14	2	1	1
21	18	12	2	1	1
22	17	13	2	1	1
23	17	13	2	1	1
24	16	14	2	1	1
25	20	10	2	1	1
26	13	17	2	1	1
27	18	12	2	1	1
28	11	19	2	1	1
29	12	18	2	1	1
30	19	11	2	1	1
31	18	12	2	1	1
32	16	14	2	1	1
33	18	12	2	1	1
34	16	14	2	1	1
35	18	12	2	1	1
36	14	16	2	1	1
37	12	18	2	1	1
38	12	18	2	1	1
39	16	14	2	1	1
40	13	17	2	1	1
41	11	19	2	1	2
42	11	19	2	1	2
43	15	15	2	1	2
44	11	19	2	1	2
45	11	19	2	1	2
46	11	19	2	1	2
47	8	22	2	1	2
48	12	18	2	1	2
49	19	11	2	1	2
50	9	21	2	1	2
51	16	14	2	1	2
52	12	18	2	1	2
53	7	23	2	1	2
54	12	18	2	1	2
55	12	18	2	1	2
56	16	14	2	1	2
57	14	16	2	1	2
58	12	18	2	1	2
59	11	19	2	1	2
60	13	17	2	1	2
61	18	12	2	1	1
62	12	18	2	1	1
63	13	17	2	1	1
64	15	15	2	1	1
65	17	13	2	1	1
66	17	13	2	1	1
67	15	15	2	1	1
68	13	17	2	1	1
69	12	18	2	1	1
70	14	16	2	1	1
71	16	14	2	1	1
72	10	20	2	1	1
73	14	16	2	1	1
74	12	18	2	1	1
75	13	17	2	1	1
76	19	11	2	1	1
77	17	13	2	1	1
78	18	12	2	1	1
79	14	16	2	1	1
80	14	16	2	1	1
81	10	20	2	0	2
82	13	17	2	0	2
83	10	20	2	0	2
84	12	18	2	0	2
85	6	24	2	0	2
86	15	15	2	0	2
87	10	20	2	0	2
88	13	17	2	0	2
89	9	21	2	0	2
90	14	16	2	0	2
91	15	15	2	0	2
92	10	20	2	0	2
93	17	13	2	0	2
94	8	22	2	0	2
95	10	20	2	0	2
96	16	14	2	0	2
97	14	16	2	0	2
98	10	20	2	0	2
99	7	23	2	0	2
100	13	17	2	0	2
