mutation_id	ref_counts	var_counts	normal_cn	minor_cn	major_cn
1	66	54	2	1	1
2	61	59	2	1	1
3	58	62	2	1	1
4	60	60	2	1	1
5	58	62	2	1	1
6	60	60	2	1	1
7	60	60	2	1	1
8	60	60	2	1	1
9	60	60	2	1	1
10	58	62	2	1	1
11	60	60	2	1	1
12	70	50	2	1	1
13	60	60	2	1	1
14	58	62	2	1	1
15	63	57	2	1	1
16	55	65	2	1	1
17	68	52	2	1	1
18	53	67	2	1	1
19	60	60	2	1	1
20	71	49	2	1	1
21	59	61	2	1	1
22	55	65	2	1	1
23	58	62	2	1	1
24	61	59	2	1	1
25	70	50	2	1	1
26	65	55	2	1	1
27	59	61	2	1	1
28	54	66	2	1	1
29	67	53	2	1	1
30	60	60	2	1	1
31	62	58	2	1	1
32	52	68	2	1	1
33	55	65	2	1	1
34	57	63	2	1	1
35	64	56	2	1	1
36	69	51	2	1	1
37	72	48	2	1	1
38	65	55	2	1	1
39	63	57	2	1	1
40	53	67	2	1	1
41	50	70	2	1	2
42	59	61	2	1	2
43	60	60	2	1	2
44	41	79	2	1	2
45	63	57	2	1	2
46	40	80	2	1	2
47	49	71	2	1	2
48	62	58	2	1	2
49	51	69	2	1	2
50	49	71	2	1	2
51	48	72	2	1	2
52	53	67	2	1	2
53	59	61	2	1	2
54	47	73	2	1	2
55	61	59	2	1	2
56	49	71	2	1	2
57	56	64	2	1	2
58	50	70	2	1	2
59	38	82	2	1	2
60	64	56	2	1	2
61	54	66	2	1	1
62	60	60	2	1	1
63	48	72	2	1	1
64	59	61	2	1	1
65	65	55	2	1	1
66	66	54	2	1	1
67	66	54	2	1	1
68	66	54	2	1	1
69	62	58	2	1	1
70	69	51	2	1	1
71	66	54	2	1	1
72	67	53	2	1	1
73	67	53	2	1	1
74	61	59	2	1	1
75	53	67	2	1	1
76	69	51	2	1	1
77	64	56	2	1	1
78	60	60	2	1	1
79	66	54	2	1	1
80	45	75	2	1	1
81	48	72	2	0	2
82	47	73	2	0	2
83	57	63	2	0	2
84	59	61	2	0	2
85	62	58	2	0	2
86	50	70	2	0	2
87	48	72	2	0	2
88	45	75	2	0	2
89	46	74	2	0	2
90	52	68	2	0	2
91	49	71	2	0	2
92	52	68	2	0	2
93	43	77	2	0	2
94	46	74	2	0	2
95	61	59	2	0	2
96	53	67	2	0	2
97	44	76	2	0	2
98	40	80	2	0	2
99	51	69	2	0	2
100	37	83	2	0	2
