mutation_id	ref_counts	var_counts	normal_cn	minor_cn	major_cn
1	511	489	2	1	1
2	478	522	2	1	1
3	480	520	2	1	1
4	502	498	2	1	1
5	480	520	2	1	1
6	491	509	2	1	1
7	524	476	2	1	1
8	508	492	2	1	1
9	492	508	2	1	1
10	483	517	2	1	1
11	493	507	2	1	1
12	495	505	2	1	1
13	534	466	2	1	1
14	471	529	2	1	1
15	502	498	2	1	1
16	502	498	2	1	1
17	491	509	2	1	1
18	483	517	2	1	1
19	502	498	2	1	1
20	502	498	2	1	1
21	423	577	2	1	2
22	423	577	2	1	2
23	458	542	2	1	2
24	425	575	2	1	2
25	430	570	2	1	2
26	430	570	2	1	2
27	406	594	2	1	2
28	446	554	2	1	2
29	450	550	2	1	2
30	465	535	2	1	2
31	511	489	2	1	1
32	512	488	2	1	1
33	518	482	2	1	1
34	492	508	2	1	1
35	497	503	2	1	1
36	502	498	2	1	1
37	507	493	2	1	1
38	489	511	2	1	1
39	494	506	2	1	1
40	481	519	2	1	1
41	419	581	2	0	2
42	385	615	2	0	2
43	410	590	2	0	2
44	389	611	2	0	2
45	423	577	2	0	2
46	398	602	2	0	2
47	429	571	2	0	2
48	419	581	2	0	2
49	400	600	2	0	2
50	410	590	2	0	2
