mutation_id	ref_counts	var_counts	normal_cn	minor_cn	major_cn
1	33	27	2	1	1
2	31	29	2	1	1
3	31	29	2	1	1
4	27	33	2	1	1
5	24	36	2	1	1
6	28	32	2	1	1
7	27	33	2	1	1
8	24	36	2	1	1
9	32	28	2	1	1
10	30	30	2	1	1
11	27	33	2	1	1
12	24	36	2	1	1
13	32	28	2	1	1
14	28	32	2	1	1
15	36	24	2	1	1
16	33	27	2	1	1
17	32	28	2	1	1
18	34	26	2	1	1
19	26	34	2	1	1
20	25	35	2	1	1
21	35	25	2	1	2
22	23	37	2	1	2
23	25	35	2	1	2
24	25	35	2	1	2
25	33	27	2	1	2
26	31	29	2	1	2
27	29	31	2	1	2
28	27	33	2	1	2
29	26	34	2	1	2
30	26	34	2	1	2
31	28	32	2	1	1
32	36	24	2	1	1
33	28	32	2	1	1
34	29	31	2	1	1
35	26	34	2	1	1
36	27	33	2	1	1
37	30	30	2	1	1
38	30	30	2	1	1
39	32	28	2	1	1
40	27	33	2	1	1
41	26	34	2	0	2
42	25	35	2	0	2
43	18	42	2	0	2
44	20	40	2	0	2
45	28	32	2	0	2
46	24	36	2	0	2
47	20	40	2	0	2
48	27	33	2	0	2
49	28	32	2	0	2
50	26	34	2	0	2
