mutation_id	ref_counts	var_counts	normal_cn	minor_cn	major_cn
1	16	14	2	1	1
2	20	10	2	1	1
3	14	16	2	1	1
4	15	15	2	1	1
5	13	17	2	1	1
6	15	15	2	1	1
7	11	19	2	1	1
8	12	18	2	1	1
9	15	15	2	1	1
10	19	11	2	1	1
11	17	13	2	1	1
12	13	17	2	1	1
13	10	20	2	1	1
14	15	15	2	1	1
15	14	16	2	1	1
16	12	18	2	1	1
17	18	12	2	1	1
18	13	17	2	1	1
19	15	15	2	1	1
20	12	18	2	1	1
21	15	15	2	1	1
22	20	10	2	1	1
23	19	11	2	1	1
24	17	13	2	1	1
25	17	13	2	1	1
26	17	13	2	1	1
27	16	14	2	1	1
28	17	13	2	1	1
29	19	11	2	1	1
30	16	14	2	1	1
31	12	18	2	1	1
32	12	18	2	1	1
33	10	20	2	1	1
34	14	16	2	1	1
35	11	19	2	1	1
36	13	17	2	1	1
37	15	15	2	1	1
38	14	16	2	1	1
39	12	18	2	1	1
40	19	11	2	1	1
41	15	15	2	1	2
42	17	13	2	1	2
43	17	13	2	1	2
44	14	16	2	1	2
45	14	16	2	1	2
46	13	17	2	1	2
47	13	17	2	1	2
48	11	19	2	1	2
49	11	19	2	1	2
50	22	8	2	1	2
51	10	20	2	1	2
52	9	21	2	1	2
53	16	14	2	1	2
54	14	16	2	1	2
55	14	16	2	1	2
56	12	18	2	1	2
57	14	16	2	1	2
58	14	16	2	1	2
59	14	16	2	1	2
60	12	18	2	1	2
61	22	8	2	1	1
62	13	17	2	1	1
63	15	15	2	1	1
64	15	15	2	1	1
65	14	16	2	1	1
66	15	15	2	1	1
67	17	13	2	1	1
68	7	23	2	1	1
69	18	12	2	1	1
70	12	18	2	1	1
71	19	11	2	1	1
72	11	19	2	1	1
73	15	15	2	1	1
74	18	12	2	1	1
75	14	16	2	1	1
76	14	16	2	1	1
77	16	14	2	1	1
78	16	14	2	1	1
79	12	18	2	1	1
80	12	18	2	1	1
81	14	16	2	0	2
82	8	22	2	0	2
83	13	17	2	0	2
84	11	19	2	0	2
85	13	17	2	0	2
86	9	21	2	0	2
87	12	18	2	0	2
88	11	19	2	0	2
89	15	15	2	0	2
90	14	16	2	0	2
91	11	19	2	0	2
92	10	20	2	0	2
93	10	20	2	0	2
94	13	17	2	0	2
95	14	16	2	0	2
96	13	17	2	0	2
97	12	18	2	0	2
98	8	22	2	0	2
99	13	17	2	0	2
100	9	21	2	0	2
