mutation_id	ref_counts	var_counts	normal_cn	minor_cn	major_cn
1	62	58	2	1	1
2	63	57	2	1	1
3	73	47	2	1	1
4	52	68	2	1	1
5	56	64	2	1	1
6	58	62	2	1	1
7	64	56	2	1	1
8	60	60	2	1	1
9	65	55	2	1	1
10	56	64	2	1	1
11	63	57	2	1	1
12	61	59	2	1	1
13	58	62	2	1	1
14	69	51	2	1	1
15	61	59	2	1	1
16	60	60	2	1	1
17	62	58	2	1	1
18	64	56	2	1	1
19	61	59	2	1	1
20	56	64	2	1	1
21	56	64	2	1	1
22	59	61	2	1	1
23	59	61	2	1	1
24	71	49	2	1	1
25	54	66	2	1	1
26	52	68	2	1	1
27	60	60	2	1	1
28	64	56	2	1	1
29	61	59	2	1	1
30	57	63	2	1	1
31	67	53	2	1	1
32	63	57	2	1	1
33	60	60	2	1	1
34	55	65	2	1	1
35	51	69	2	1	1
36	55	65	2	1	1
37	60	60	2	1	1
38	60	60	2	1	1
39	67	53	2	1	1
40	58	62	2	1	1
41	47	73	2	1	2
42	49	71	2	1	2
43	53	67	2	1	2
44	52	68	2	1	2
45	43	77	2	1	2
46	55	65	2	1	2
47	57	63	2	1	2
48	56	64	2	1	2
49	55	65	2	1	2
50	35	85	2	1	2
51	45	75	2	1	2
52	50	70	2	1	2
53	52	68	2	1	2
54	48	72	2	1	2
55	57	63	2	1	2
56	51	69	2	1	2
57	53	67	2	1	2
58	49	71	2	1	2
59	48	72	2	1	2
60	57	63	2	1	2
61	64	56	2	1	1
62	56	64	2	1	1
63	69	51	2	1	1
64	62	58	2	1	1
65	60	60	2	1	1
66	56	64	2	1	1
67	62	58	2	1	1
68	65	55	2	1	1
69	61	59	2	1	1
70	63	57	2	1	1
71	61	59	2	1	1
72	65	55	2	1	1
73	59	61	2	1	1
74	53	67	2	1	1
75	61	59	2	1	1
76	66	54	2	1	1
77	57	63	2	1	1
78	57	63	2	1	1
79	69	51	2	1	1
80	61	59	2	1	1
81	50	70	2	0	2
82	45	75	2	0	2
83	45	75	2	0	2
84	49	71	2	0	2
85	48	72	2	0	2
86	49	71	2	0	2
87	33	87	2	0	2
88	54	66	2	0	2
89	43	77	2	0	2
90	41	79	2	0	2
91	46	74	2	0	2
92	53	67	2	0	2
93	38	82	2	0	2
94	42	78	2	0	2
95	47	73	2	0	2
96	50	70	2	0	2
97	50	70	2	0	2
98	55	65	2	0	2
99	42	78	2	0	2
100	45	75	2	0	2
