mutation_id	ref_counts	var_counts	normal_cn	minor_cn	major_cn
1	12	18	2	1	1
2	17	13	2	1	1
3	12	18	2	1	1
4	15	15	2	1	1
5	15	15	2	1	1
6	16	14	2	1	1
7	17	13	2	1	1
8	16	14	2	1	1
9	13	17	2	1	1
10	13	17	2	1	1
11	14	16	2	1	1
12	17	13	2	1	1
13	14	16	2	1	1
14	17	13	2	1	1
15	14	16	2	1	1
16	15	15	2	1	1
17	13	17	2	1	1
18	16	14	2	1	1
19	17	13	2	1	1
20	17	13	2	1	1
21	17	13	2	1	1
22	18	12	2	1	1
23	16	14	2	1	1
24	18	12	2	1	1
25	18	12	2	1	1
26	19	11	2	1	1
27	15	15	2	1	1
28	16	14	2	1	1
29	11	19	2	1	1
30	18	12	2	1	1
31	13	17	2	1	1
32	14	16	2	1	1
33	16	14	2	1	1
34	17	13	2	1	1
35	12	18	2	1	1
36	17	13	2	1	1
37	17	13	2	1	1
38	20	10	2	1	1
39	15	15	2	1	1
40	15	15	2	1	1
41	11	19	2	1	2
42	15	15	2	1	2
43	15	15	2	1	2
44	11	19	2	1	2
45	14	16	2	1	2
46	13	17	2	1	2
47	20	10	2	1	2
48	17	13	2	1	2
49	16	14	2	1	2
50	9	21	2	1	2
51	15	15	2	1	2
52	20	10	2	1	2
53	17	13	2	1	2
54	14	16	2	1	2
55	15	15	2	1	2
56	15	15	2	1	2
57	15	15	2	1	2
58	10	20	2	1	2
59	12	18	2	1	2
60	14	16	2	1	2
61	15	15	2	1	1
62	11	19	2	1	1
63	16	14	2	1	1
64	12	18	2	1	1
65	18	12	2	1	1
66	10	20	2	1	1
67	13	17	2	1	1
68	18	12	2	1	1
69	15	15	2	1	1
70	12	18	2	1	1
71	13	17	2	1	1
72	21	9	2	1	1
73	10	20	2	1	1
74	11	19	2	1	1
75	16	14	2	1	1
76	12	18	2	1	1
77	14	16	2	1	1
78	13	17	2	1	1
79	15	15	2	1	1
80	14	16	2	1	1
81	9	21	2	0	2
82	15	15	2	0	2
83	17	13	2	0	2
84	14	16	2	0	2
85	12	18	2	0	2
86	5	25	2	0	2
87	12	18	2	0	2
88	8	22	2	0	2
89	12	18	2	0	2
90	14	16	2	0	2
91	12	18	2	0	2
92	9	21	2	0	2
93	13	17	2	0	2
94	12	18	2	0	2
95	10	20	2	0	2
96	16	14	2	0	2
97	12	18	2	0	2
98	9	21	2	0	2
99	14	16	2	0	2
100	12	18	2	0	2
