mutation_id	ref_counts	var_counts	normal_cn	minor_cn	major_cn
1	491	509	2	1	1
2	522	478	2	1	1
3	493	507	2	1	1
4	499	501	2	1	1
5	501	499	2	1	1
6	517	483	2	1	1
7	489	511	2	1	1
8	509	491	2	1	1
9	496	504	2	1	1
10	502	498	2	1	1
11	503	497	2	1	1
12	501	499	2	1	1
13	501	499	2	1	1
14	493	507	2	1	1
15	489	511	2	1	1
16	477	523	2	1	1
17	482	518	2	1	1
18	497	503	2	1	1
19	524	476	2	1	1
20	528	472	2	1	1
21	498	502	2	1	1
22	481	519	2	1	1
23	501	499	2	1	1
24	502	498	2	1	1
25	516	484	2	1	1
26	492	508	2	1	1
27	495	505	2	1	1
28	505	495	2	1	1
29	512	488	2	1	1
30	514	486	2	1	1
31	503	497	2	1	1
32	499	501	2	1	1
33	496	504	2	1	1
34	469	531	2	1	1
35	525	475	2	1	1
36	486	514	2	1	1
37	496	504	2	1	1
38	518	482	2	1	1
39	510	490	2	1	1
40	483	517	2	1	1
41	423	577	2	1	2
42	432	568	2	1	2
43	408	592	2	1	2
44	449	551	2	1	2
45	439	561	2	1	2
46	444	556	2	1	2
47	415	585	2	1	2
48	448	552	2	1	2
49	454	546	2	1	2
50	422	578	2	1	2
51	466	534	2	1	2
52	414	586	2	1	2
53	449	551	2	1	2
54	420	580	2	1	2
55	436	564	2	1	2
56	434	566	2	1	2
57	429	571	2	1	2
58	442	558	2	1	2
59	444	556	2	1	2
60	435	565	2	1	2
61	509	491	2	1	1
62	472	528	2	1	1
63	517	483	2	1	1
64	481	519	2	1	1
65	499	501	2	1	1
66	519	481	2	1	1
67	490	510	2	1	1
68	477	523	2	1	1
69	518	482	2	1	1
70	519	481	2	1	1
71	521	479	2	1	1
72	480	520	2	1	1
73	547	453	2	1	1
74	526	474	2	1	1
75	530	470	2	1	1
76	486	514	2	1	1
77	503	497	2	1	1
78	510	490	2	1	1
79	515	485	2	1	1
80	503	497	2	1	1
81	365	635	2	0	2
82	406	594	2	0	2
83	417	583	2	0	2
84	408	592	2	0	2
85	392	608	2	0	2
86	369	631	2	0	2
87	394	606	2	0	2
88	407	593	2	0	2
89	398	602	2	0	2
90	392	608	2	0	2
91	416	584	2	0	2
92	407	593	2	0	2
93	383	617	2	0	2
94	411	589	2	0	2
95	376	624	2	0	2
96	400	600	2	0	2
97	407	593	2	0	2
98	400	600	2	0	2
99	396	604	2	0	2
100	412	588	2	0	2
