mutation_id	ref_counts	var_counts	normal_cn	minor_cn	major_cn
1	14	16	2	1	1
2	15	15	2	1	1
3	19	11	2	1	1
4	21	9	2	1	1
5	17	13	2	1	1
6	16	14	2	1	1
7	17	13	2	1	1
8	14	16	2	1	1
9	15	15	2	1	1
10	15	15	2	1	1
11	21	9	2	1	1
12	17	13	2	1	1
13	19	11	2	1	1
14	12	18	2	1	1
15	15	15	2	1	1
16	10	20	2	1	1
17	12	18	2	1	1
18	16	14	2	1	1
19	15	15	2	1	1
20	14	16	2	1	1
21	12	18	2	1	2
22	9	21	2	1	2
23	16	14	2	1	2
24	20	10	2	1	2
25	15	15	2	1	2
26	12	18	2	1	2
27	16	14	2	1	2
28	10	20	2	1	2
29	12	18	2	1	2
30	10	20	2	1	2
31	15	15	2	1	1
32	15	15	2	1	1
33	15	15	2	1	1
34	16	14	2	1	1
35	11	19	2	1	1
36	15	15	2	1	1
37	15	15	2	1	1
38	19	11	2	1	1
39	13	17	2	1	1
40	12	18	2	1	1
41	10	20	2	0	2
42	8	22	2	0	2
43	13	17	2	0	2
44	11	19	2	0	2
45	11	19	2	0	2
46	12	18	2	0	2
47	11	19	2	0	2
48	11	19	2	0	2
49	12	18	2	0	2
50	9	21	2	0	2
