mutation_id	ref_counts	var_counts	normal_cn	minor_cn	major_cn
1	45	75	2	1	1
2	61	59	2	1	1
3	47	73	2	1	1
4	66	54	2	1	1
5	68	52	2	1	1
6	55	65	2	1	1
7	69	51	2	1	1
8	57	63	2	1	1
9	53	67	2	1	1
10	58	62	2	1	1
11	61	59	2	1	1
12	63	57	2	1	1
13	53	67	2	1	1
14	70	50	2	1	1
15	60	60	2	1	1
16	62	58	2	1	1
17	66	54	2	1	1
18	62	58	2	1	1
19	52	68	2	1	1
20	64	56	2	1	1
21	57	63	2	1	1
22	60	60	2	1	1
23	51	69	2	1	1
24	53	67	2	1	1
25	50	70	2	1	1
26	64	56	2	1	1
27	58	62	2	1	1
28	60	60	2	1	1
29	63	57	2	1	1
30	58	62	2	1	1
31	70	50	2	1	1
32	62	58	2	1	1
33	53	67	2	1	1
34	55	65	2	1	1
35	59	61	2	1	1
36	57	63	2	1	1
37	54	66	2	1	1
38	58	62	2	1	1
39	65	55	2	1	1
40	61	59	2	1	1
41	48	72	2	1	2
42	55	65	2	1	2
43	47	73	2	1	2
44	57	63	2	1	2
45	57	63	2	1	2
46	49	71	2	1	2
47	52	68	2	1	2
48	54	66	2	1	2
49	55	65	2	1	2
50	51	69	2	1	2
51	52	68	2	1	2
52	56	64	2	1	2
53	45	75	2	1	2
54	58	62	2	1	2
55	51	69	2	1	2
56	58	62	2	1	2
57	59	61	2	1	2
58	57	63	2	1	2
59	50	70	2	1	2
60	47	73	2	1	2
61	57	63	2	1	1
62	62	58	2	1	1
63	65	55	2	1	1
64	59	61	2	1	1
65	57	63	2	1	1
66	65	55	2	1	1
67	67	53	2	1	1
68	67	53	2	1	1
69	55	65	2	1	1
70	64	56	2	1	1
71	56	64	2	1	1
72	70	50	2	1	1
73	58	62	2	1	1
74	62	58	2	1	1
75	58	62	2	1	1
76	55	65	2	1	1
77	53	67	2	1	1
78	59	61	2	1	1
79	63	57	2	1	1
80	64	56	2	1	1
81	51	69	2	0	2
82	34	86	2	0	2
83	51	69	2	0	2
84	51	69	2	0	2
85	49	71	2	0	2
86	56	64	2	0	2
87	57	63	2	0	2
88	48	72	2	0	2
89	58	62	2	0	2
90	45	75	2	0	2
91	43	77	2	0	2
92	49	71	2	0	2
93	52	68	2	0	2
94	53	67	2	0	2
95	46	74	2	0	2
96	43	77	2	0	2
97	38	82	2	0	2
98	46	74	2	0	2
99	52	68	2	0	2
100	55	65	2	0	2
