mutation_id	ref_counts	var_counts	normal_cn	minor_cn	major_cn
1	19	11	2	1	1
2	12	18	2	1	1
3	18	12	2	1	1
4	12	18	2	1	1
5	6	24	2	1	1
6	19	11	2	1	1
7	8	22	2	1	1
8	22	8	2	1	1
9	10	20	2	1	1
10	16	14	2	1	1
11	24	6	2	1	1
12	11	19	2	1	1
13	14	16	2	1	1
14	9	21	2	1	1
15	10	20	2	1	1
16	16	14	2	1	1
17	14	16	2	1	1
18	13	17	2	1	1
19	18	12	2	1	1
20	16	14	2	1	1
21	13	17	2	1	2
22	12	18	2	1	2
23	13	17	2	1	2
24	18	12	2	1	2
25	12	18	2	1	2
26	16	14	2	1	2
27	12	18	2	1	2
28	16	14	2	1	2
29	10	20	2	1	2
30	15	15	2	1	2
31	18	12	2	1	1
32	19	11	2	1	1
33	15	15	2	1	1
34	15	15	2	1	1
35	16	14	2	1	1
36	18	12	2	1	1
37	14	16	2	1	1
38	20	10	2	1	1
39	16	14	2	1	1
40	14	16	2	1	1
41	11	19	2	0	2
42	14	16	2	0	2
43	15	15	2	0	2
44	12	18	2	0	2
45	12	18	2	0	2
46	13	17	2	0	2
47	10	20	2	0	2
48	14	16	2	0	2
49	11	19	2	0	2
50	9	21	2	0	2
