mutation_id	ref_counts	var_counts	normal_cn	minor_cn	major_cn
1	56	64	2	1	1
2	66	54	2	1	1
3	62	58	2	1	1
4	56	64	2	1	1
5	62	58	2	1	1
6	61	59	2	1	1
7	60	60	2	1	1
8	57	63	2	1	1
9	75	45	2	1	1
10	55	65	2	1	1
11	64	56	2	1	1
12	56	64	2	1	1
13	57	63	2	1	1
14	58	62	2	1	1
15	62	58	2	1	1
16	72	48	2	1	1
17	57	63	2	1	1
18	64	56	2	1	1
19	60	60	2	1	1
20	63	57	2	1	1
21	54	66	2	1	2
22	46	74	2	1	2
23	45	75	2	1	2
24	49	71	2	1	2
25	51	69	2	1	2
26	54	66	2	1	2
27	40	80	2	1	2
28	48	72	2	1	2
29	41	79	2	1	2
30	61	59	2	1	2
31	62	58	2	1	1
32	67	53	2	1	1
33	50	70	2	1	1
34	66	54	2	1	1
35	52	68	2	1	1
36	59	61	2	1	1
37	63	57	2	1	1
38	60	60	2	1	1
39	67	53	2	1	1
40	59	61	2	1	1
41	58	62	2	0	2
42	37	83	2	0	2
43	40	80	2	0	2
44	52	68	2	0	2
45	44	76	2	0	2
46	54	66	2	0	2
47	55	65	2	0	2
48	34	86	2	0	2
49	51	69	2	0	2
50	50	70	2	0	2
