mutation_id	ref_counts	var_counts	normal_cn	minor_cn	major_cn
1	497	503	2	1	1
2	511	489	2	1	1
3	478	522	2	1	1
4	476	524	2	1	1
5	501	499	2	1	1
6	502	498	2	1	1
7	510	490	2	1	1
8	504	496	2	1	1
9	517	483	2	1	1
10	492	508	2	1	1
11	493	507	2	1	1
12	508	492	2	1	1
13	488	512	2	1	1
14	498	502	2	1	1
15	517	483	2	1	1
16	495	505	2	1	1
17	489	511	2	1	1
18	498	502	2	1	1
19	506	494	2	1	1
20	493	507	2	1	1
21	441	559	2	1	2
22	413	587	2	1	2
23	455	545	2	1	2
24	413	587	2	1	2
25	410	590	2	1	2
26	424	576	2	1	2
27	460	540	2	1	2
28	402	598	2	1	2
29	425	575	2	1	2
30	445	555	2	1	2
31	506	494	2	1	1
32	514	486	2	1	1
33	489	511	2	1	1
34	493	507	2	1	1
35	489	511	2	1	1
36	509	491	2	1	1
37	485	515	2	1	1
38	523	477	2	1	1
39	509	491	2	1	1
40	492	508	2	1	1
41	383	617	2	0	2
42	406	594	2	0	2
43	422	578	2	0	2
44	393	607	2	0	2
45	417	583	2	0	2
46	418	582	2	0	2
47	374	626	2	0	2
48	393	607	2	0	2
49	384	616	2	0	2
50	381	619	2	0	2
