mutation_id	ref_counts	var_counts	normal_cn	minor_cn	major_cn
1	506	494	2	1	1
2	507	493	2	1	1
3	481	519	2	1	1
4	531	469	2	1	1
5	496	504	2	1	1
6	505	495	2	1	1
7	485	515	2	1	1
8	479	521	2	1	1
9	510	490	2	1	1
10	506	494	2	1	1
11	508	492	2	1	1
12	498	502	2	1	1
13	505	495	2	1	1
14	502	498	2	1	1
15	490	510	2	1	1
16	480	520	2	1	1
17	524	476	2	1	1
18	517	483	2	1	1
19	499	501	2	1	1
20	509	491	2	1	1
21	426	574	2	1	2
22	456	544	2	1	2
23	418	582	2	1	2
24	434	566	2	1	2
25	446	554	2	1	2
26	462	538	2	1	2
27	431	569	2	1	2
28	399	601	2	1	2
29	436	564	2	1	2
30	424	576	2	1	2
31	504	496	2	1	1
32	515	485	2	1	1
33	496	504	2	1	1
34	502	498	2	1	1
35	506	494	2	1	1
36	531	469	2	1	1
37	531	469	2	1	1
38	494	506	2	1	1
39	495	505	2	1	1
40	499	501	2	1	1
41	421	579	2	0	2
42	404	596	2	0	2
43	396	604	2	0	2
44	406	594	2	0	2
45	398	602	2	0	2
46	411	589	2	0	2
47	426	574	2	0	2
48	419	581	2	0	2
49	381	619	2	0	2
50	375	625	2	0	2
