mutation_id	ref_counts	var_counts	normal_cn	minor_cn	major_cn
1	60	60	2	1	1
2	53	67	2	1	1
3	63	57	2	1	1
4	56	64	2	1	1
5	59	61	2	1	1
6	61	59	2	1	1
7	53	67	2	1	1
8	56	64	2	1	1
9	52	68	2	1	1
10	57	63	2	1	1
11	57	63	2	1	1
12	70	50	2	1	1
13	57	63	2	1	1
14	67	53	2	1	1
15	64	56	2	1	1
16	52	68	2	1	1
17	60	60	2	1	1
18	65	55	2	1	1
19	64	56	2	1	1
20	61	59	2	1	1
21	56	64	2	1	2
22	52	68	2	1	2
23	52	68	2	1	2
24	32	88	2	1	2
25	60	60	2	1	2
26	61	59	2	1	2
27	54	66	2	1	2
28	48	72	2	1	2
29	50	70	2	1	2
30	54	66	2	1	2
31	54	66	2	1	1
32	58	62	2	1	1
33	59	61	2	1	1
34	63	57	2	1	1
35	50	70	2	1	1
36	45	75	2	1	1
37	59	61	2	1	1
38	56	64	2	1	1
39	59	61	2	1	1
40	55	65	2	1	1
41	51	69	2	0	2
42	51	69	2	0	2
43	56	64	2	0	2
44	50	70	2	0	2
45	44	76	2	0	2
46	46	74	2	0	2
47	45	75	2	0	2
48	46	74	2	0	2
49	48	72	2	0	2
50	41	79	2	0	2
