mutation_id	ref_counts	var_counts	normal_cn	minor_cn	major_cn
1	41	19	2	1	1
2	35	25	2	1	1
3	28	32	2	1	1
4	30	30	2	1	1
5	25	35	2	1	1
6	27	33	2	1	1
7	35	25	2	1	1
8	32	28	2	1	1
9	29	31	2	1	1
10	30	30	2	1	1
11	31	29	2	1	1
12	33	27	2	1	1
13	35	25	2	1	1
14	32	28	2	1	1
15	27	33	2	1	1
16	29	31	2	1	1
17	26	34	2	1	1
18	32	28	2	1	1
19	31	29	2	1	1
20	26	34	2	1	1
21	29	31	2	1	1
22	34	26	2	1	1
23	22	38	2	1	1
24	28	32	2	1	1
25	27	33	2	1	1
26	27	33	2	1	1
27	29	31	2	1	1
28	29	31	2	1	1
29	28	32	2	1	1
30	34	26	2	1	1
31	22	38	2	1	1
32	24	36	2	1	1
33	29	31	2	1	1
34	32	28	2	1	1
35	28	32	2	1	1
36	37	23	2	1	1
37	28	32	2	1	1
38	36	24	2	1	1
39	23	37	2	1	1
40	23	37	2	1	1
41	31	29	2	1	2
42	28	32	2	1	2
43	22	38	2	1	2
44	26	34	2	1	2
45	25	35	2	1	2
46	27	33	2	1	2
47	25	35	2	1	2
48	23	37	2	1	2
49	24	36	2	1	2
50	28	32	2	1	2
51	22	38	2	1	2
52	19	41	2	1	2
53	28	32	2	1	2
54	24	36	2	1	2
55	29	31	2	1	2
56	28	32	2	1	2
57	28	32	2	1	2
58	21	39	2	1	2
59	28	32	2	1	2
60	26	34	2	1	2
61	27	33	2	1	1
62	27	33	2	1	1
63	29	31	2	1	1
64	32	28	2	1	1
65	29	31	2	1	1
66	33	27	2	1	1
67	29	31	2	1	1
68	30	30	2	1	1
69	29	31	2	1	1
70	24	36	2	1	1
71	18	42	2	1	1
72	30	30	2	1	1
73	37	23	2	1	1
74	26	34	2	1	1
75	27	33	2	1	1
76	27	33	2	1	1
77	27	33	2	1	1
78	27	33	2	1	1
79	32	28	2	1	1
80	28	32	2	1	1
81	19	41	2	0	2
82	22	38	2	0	2
83	26	34	2	0	2
84	21	39	2	0	2
85	22	38	2	0	2
86	26	34	2	0	2
87	24	36	2	0	2
88	24	36	2	0	2
89	16	44	2	0	2
90	20	40	2	0	2
91	29	31	2	0	2
92	17	43	2	0	2
93	18	42	2	0	2
94	24	36	2	0	2
95	27	33	2	0	2
96	27	33	2	0	2
97	18	42	2	0	2
98	29	31	2	0	2
99	23	37	2	0	2
100	33	27	2	0	2
