mutation_id	ref_counts	var_counts	normal_cn	minor_cn	major_cn
1	29	31	2	1	1
2	32	28	2	1	1
3	29	31	2	1	1
4	18	42	2	1	1
5	29	31	2	1	1
6	30	30	2	1	1
7	29	31	2	1	1
8	23	37	2	1	1
9	31	29	2	1	1
10	34	26	2	1	1
11	31	29	2	1	1
12	32	28	2	1	1
13	26	34	2	1	1
14	37	23	2	1	1
15	33	27	2	1	1
16	31	29	2	1	1
17	32	28	2	1	1
18	29	31	2	1	1
19	27	33	2	1	1
20	31	29	2	1	1
21	32	28	2	1	1
22	30	30	2	1	1
23	26	34	2	1	1
24	32	28	2	1	1
25	24	36	2	1	1
26	29	31	2	1	1
27	31	29	2	1	1
28	33	27	2	1	1
29	35	25	2	1	1
30	26	34	2	1	1
31	36	24	2	1	1
32	33	27	2	1	1
33	35	25	2	1	1
34	32	28	2	1	1
35	33	27	2	1	1
36	33	27	2	1	1
37	31	29	2	1	1
38	26	34	2	1	1
39	26	34	2	1	1
40	30	30	2	1	1
41	26	34	2	1	2
42	24	36	2	1	2
43	25	35	2	1	2
44	31	29	2	1	2
45	25	35	2	1	2
46	26	34	2	1	2
47	21	39	2	1	2
48	27	33	2	1	2
49	32	28	2	1	2
50	24	36	2	1	2
51	22	38	2	1	2
52	23	37	2	1	2
53	29	31	2	1	2
54	22	38	2	1	2
55	27	33	2	1	2
56	24	36	2	1	2
57	20	40	2	1	2
58	26	34	2	1	2
59	21	39	2	1	2
60	23	37	2	1	2
61	35	25	2	1	1
62	33	27	2	1	1
63	37	23	2	1	1
64	26	34	2	1	1
65	30	30	2	1	1
66	29	31	2	1	1
67	22	38	2	1	1
68	29	31	2	1	1
69	36	24	2	1	1
70	29	31	2	1	1
71	26	34	2	1	1
72	27	33	2	1	1
73	28	32	2	1	1
74	30	30	2	1	1
75	27	33	2	1	1
76	31	29	2	1	1
77	20	40	2	1	1
78	31	29	2	1	1
79	26	34	2	1	1
80	27	33	2	1	1
81	29	31	2	0	2
82	22	38	2	0	2
83	25	35	2	0	2
84	25	35	2	0	2
85	24	36	2	0	2
86	22	38	2	0	2
87	27	33	2	0	2
88	12	48	2	0	2
89	29	31	2	0	2
90	23	37	2	0	2
91	23	37	2	0	2
92	22	38	2	0	2
93	21	39	2	0	2
94	21	39	2	0	2
95	23	37	2	0	2
96	30	30	2	0	2
97	20	40	2	0	2
98	24	36	2	0	2
99	27	33	2	0	2
100	21	39	2	0	2
