mutation_id	ref_counts	var_counts	normal_cn	minor_cn	major_cn
1	66	54	2	1	1
2	64	56	2	1	1
3	61	59	2	1	1
4	59	61	2	1	1
5	58	62	2	1	1
6	66	54	2	1	1
7	61	59	2	1	1
8	57	63	2	1	1
9	63	57	2	1	1
10	57	63	2	1	1
11	54	66	2	1	1
12	64	56	2	1	1
13	67	53	2	1	1
14	65	55	2	1	1
15	58	62	2	1	1
16	47	73	2	1	1
17	51	69	2	1	1
18	57	63	2	1	1
19	67	53	2	1	1
20	61	59	2	1	1
21	55	65	2	1	2
22	57	63	2	1	2
23	47	73	2	1	2
24	57	63	2	1	2
25	57	63	2	1	2
26	49	71	2	1	2
27	52	68	2	1	2
28	51	69	2	1	2
29	56	64	2	1	2
30	51	69	2	1	2
31	58	62	2	1	1
32	59	61	2	1	1
33	59	61	2	1	1
34	55	65	2	1	1
35	61	59	2	1	1
36	60	60	2	1	1
37	63	57	2	1	1
38	65	55	2	1	1
39	58	62	2	1	1
40	59	61	2	1	1
41	52	68	2	0	2
42	54	66	2	0	2
43	61	59	2	0	2
44	44	76	2	0	2
45	52	68	2	0	2
46	63	57	2	0	2
47	48	72	2	0	2
48	42	78	2	0	2
49	53	67	2	0	2
50	52	68	2	0	2
