mutation_id	ref_counts	var_counts	normal_cn	minor_cn	major_cn
1	511	489	2	1	1
2	534	466	2	1	1
3	506	494	2	1	1
4	505	495	2	1	1
5	482	518	2	1	1
6	505	495	2	1	1
7	532	468	2	1	1
8	519	481	2	1	1
9	475	525	2	1	1
10	490	510	2	1	1
11	502	498	2	1	1
12	493	507	2	1	1
13	503	497	2	1	1
14	486	514	2	1	1
15	552	448	2	1	1
16	520	480	2	1	1
17	510	490	2	1	1
18	511	489	2	1	1
19	472	528	2	1	1
20	485	515	2	1	1
21	499	501	2	1	1
22	495	505	2	1	1
23	501	499	2	1	1
24	503	497	2	1	1
25	493	507	2	1	1
26	503	497	2	1	1
27	514	486	2	1	1
28	491	509	2	1	1
29	514	486	2	1	1
30	502	498	2	1	1
31	525	475	2	1	1
32	516	484	2	1	1
33	520	480	2	1	1
34	494	506	2	1	1
35	506	494	2	1	1
36	526	474	2	1	1
37	530	470	2	1	1
38	509	491	2	1	1
39	519	481	2	1	1
40	471	529	2	1	1
41	436	564	2	1	2
42	442	558	2	1	2
43	435	565	2	1	2
44	444	556	2	1	2
45	450	550	2	1	2
46	446	554	2	1	2
47	444	556	2	1	2
48	432	568	2	1	2
49	427	573	2	1	2
50	455	545	2	1	2
51	422	578	2	1	2
52	423	577	2	1	2
53	411	589	2	1	2
54	425	575	2	1	2
55	459	541	2	1	2
56	439	561	2	1	2
57	432	568	2	1	2
58	448	552	2	1	2
59	431	569	2	1	2
60	413	587	2	1	2
61	485	515	2	1	1
62	495	505	2	1	1
63	523	477	2	1	1
64	489	511	2	1	1
65	531	469	2	1	1
66	493	507	2	1	1
67	524	476	2	1	1
68	505	495	2	1	1
69	476	524	2	1	1
70	496	504	2	1	1
71	462	538	2	1	1
72	498	502	2	1	1
73	514	486	2	1	1
74	499	501	2	1	1
75	495	505	2	1	1
76	502	498	2	1	1
77	521	479	2	1	1
78	477	523	2	1	1
79	526	474	2	1	1
80	489	511	2	1	1
81	404	596	2	0	2
82	392	608	2	0	2
83	406	594	2	0	2
84	384	616	2	0	2
85	406	594	2	0	2
86	415	585	2	0	2
87	398	602	2	0	2
88	409	591	2	0	2
89	393	607	2	0	2
90	394	606	2	0	2
91	405	595	2	0	2
92	423	577	2	0	2
93	407	593	2	0	2
94	398	602	2	0	2
95	400	600	2	0	2
96	408	592	2	0	2
97	406	594	2	0	2
98	391	609	2	0	2
99	400	600	2	0	2
100	419	581	2	0	2
