mutation_id	ref_counts	var_counts	normal_cn	minor_cn	major_cn
1	64	56	2	1	1
2	64	56	2	1	1
3	65	55	2	1	1
4	53	67	2	1	1
5	53	67	2	1	1
6	53	67	2	1	1
7	54	66	2	1	1
8	55	65	2	1	1
9	57	63	2	1	1
10	55	65	2	1	1
11	63	57	2	1	1
12	64	56	2	1	1
13	56	64	2	1	1
14	57	63	2	1	1
15	56	64	2	1	1
16	64	56	2	1	1
17	64	56	2	1	1
18	63	57	2	1	1
19	60	60	2	1	1
20	58	62	2	1	1
21	54	66	2	1	2
22	55	65	2	1	2
23	55	65	2	1	2
24	56	64	2	1	2
25	54	66	2	1	2
26	52	68	2	1	2
27	59	61	2	1	2
28	55	65	2	1	2
29	51	69	2	1	2
30	52	68	2	1	2
31	60	60	2	1	1
32	61	59	2	1	1
33	63	57	2	1	1
34	56	64	2	1	1
35	51	69	2	1	1
36	61	59	2	1	1
37	60	60	2	1	1
38	63	57	2	1	1
39	56	64	2	1	1
40	64	56	2	1	1
41	63	57	2	0	2
42	49	71	2	0	2
43	53	67	2	0	2
44	48	72	2	0	2
45	50	70	2	0	2
46	45	75	2	0	2
47	49	71	2	0	2
48	48	72	2	0	2
49	45	75	2	0	2
50	54	66	2	0	2
