mutation_id	ref_counts	var_counts	normal_cn	minor_cn	major_cn
1	29	31	2	1	1
2	27	33	2	1	1
3	31	29	2	1	1
4	25	35	2	1	1
5	30	30	2	1	1
6	30	30	2	1	1
7	32	28	2	1	1
8	26	34	2	1	1
9	28	32	2	1	1
10	25	35	2	1	1
11	22	38	2	1	1
12	37	23	2	1	1
13	24	36	2	1	1
14	32	28	2	1	1
15	26	34	2	1	1
16	31	29	2	1	1
17	32	28	2	1	1
18	24	36	2	1	1
19	29	31	2	1	1
20	26	34	2	1	1
21	25	35	2	1	1
22	23	37	2	1	1
23	29	31	2	1	1
24	28	32	2	1	1
25	31	29	2	1	1
26	32	28	2	1	1
27	35	25	2	1	1
28	28	32	2	1	1
29	32	28	2	1	1
30	22	38	2	1	1
31	29	31	2	1	1
32	31	29	2	1	1
33	24	36	2	1	1
34	28	32	2	1	1
35	22	38	2	1	1
36	30	30	2	1	1
37	33	27	2	1	1
38	23	37	2	1	1
39	35	25	2	1	1
40	24	36	2	1	1
41	31	29	2	1	2
42	28	32	2	1	2
43	26	34	2	1	2
44	20	40	2	1	2
45	26	34	2	1	2
46	27	33	2	1	2
47	23	37	2	1	2
48	24	36	2	1	2
49	30	30	2	1	2
50	26	34	2	1	2
51	27	33	2	1	2
52	26	34	2	1	2
53	24	36	2	1	2
54	30	30	2	1	2
55	26	34	2	1	2
56	26	34	2	1	2
57	27	33	2	1	2
58	26	34	2	1	2
59	28	32	2	1	2
60	30	30	2	1	2
61	35	25	2	1	1
62	26	34	2	1	1
63	30	30	2	1	1
64	31	29	2	1	1
65	28	32	2	1	1
66	29	31	2	1	1
67	34	26	2	1	1
68	33	27	2	1	1
69	24	36	2	1	1
70	33	27	2	1	1
71	29	31	2	1	1
72	34	26	2	1	1
73	31	29	2	1	1
74	33	27	2	1	1
75	29	31	2	1	1
76	33	27	2	1	1
77	35	25	2	1	1
78	28	32	2	1	1
79	34	26	2	1	1
80	37	23	2	1	1
81	27	33	2	0	2
82	27	33	2	0	2
83	29	31	2	0	2
84	33	27	2	0	2
85	22	38	2	0	2
86	31	29	2	0	2
87	23	37	2	0	2
88	23	37	2	0	2
89	21	39	2	0	2
90	30	30	2	0	2
91	20	40	2	0	2
92	26	34	2	0	2
93	23	37	2	0	2
94	21	39	2	0	2
95	24	36	2	0	2
96	20	40	2	0	2
97	18	42	2	0	2
98	19	41	2	0	2
99	23	37	2	0	2
100	20	40	2	0	2
