mutation_id	ref_counts	var_counts	normal_cn	minor_cn	major_cn
1	489	511	2	1	1
2	484	516	2	1	1
3	497	503	2	1	1
4	525	475	2	1	1
5	478	522	2	1	1
6	482	518	2	1	1
7	480	520	2	1	1
8	500	500	2	1	1
9	509	491	2	1	1
10	476	524	2	1	1
11	509	491	2	1	1
12	493	507	2	1	1
13	520	480	2	1	1
14	479	521	2	1	1
15	486	514	2	1	1
16	519	481	2	1	1
17	488	512	2	1	1
18	492	508	2	1	1
19	527	473	2	1	1
20	512	488	2	1	1
21	515	485	2	1	1
22	503	497	2	1	1
23	499	501	2	1	1
24	498	502	2	1	1
25	470	530	2	1	1
26	515	485	2	1	1
27	499	501	2	1	1
28	521	479	2	1	1
29	479	521	2	1	1
30	510	490	2	1	1
31	475	525	2	1	1
32	497	503	2	1	1
33	512	488	2	1	1
34	467	533	2	1	1
35	490	510	2	1	1
36	495	505	2	1	1
37	510	490	2	1	1
38	506	494	2	1	1
39	492	508	2	1	1
40	498	502	2	1	1
41	443	557	2	1	2
42	442	558	2	1	2
43	432	568	2	1	2
44	419	581	2	1	2
45	407	593	2	1	2
46	423	577	2	1	2
47	461	539	2	1	2
48	443	557	2	1	2
49	435	565	2	1	2
50	445	555	2	1	2
51	415	585	2	1	2
52	436	564	2	1	2
53	441	559	2	1	2
54	435	565	2	1	2
55	439	561	2	1	2
56	423	577	2	1	2
57	465	535	2	1	2
58	442	558	2	1	2
59	429	571	2	1	2
60	452	548	2	1	2
61	499	501	2	1	1
62	508	492	2	1	1
63	517	483	2	1	1
64	514	486	2	1	1
65	493	507	2	1	1
66	531	469	2	1	1
67	501	499	2	1	1
68	509	491	2	1	1
69	500	500	2	1	1
70	481	519	2	1	1
71	502	498	2	1	1
72	511	489	2	1	1
73	488	512	2	1	1
74	535	465	2	1	1
75	472	528	2	1	1
76	483	517	2	1	1
77	525	475	2	1	1
78	497	503	2	1	1
79	512	488	2	1	1
80	501	499	2	1	1
81	419	581	2	0	2
82	373	627	2	0	2
83	394	606	2	0	2
84	400	600	2	0	2
85	392	608	2	0	2
86	395	605	2	0	2
87	421	579	2	0	2
88	390	610	2	0	2
89	413	587	2	0	2
90	376	624	2	0	2
91	381	619	2	0	2
92	395	605	2	0	2
93	373	627	2	0	2
94	403	597	2	0	2
95	409	591	2	0	2
96	427	573	2	0	2
97	419	581	2	0	2
98	379	621	2	0	2
99	401	599	2	0	2
100	408	592	2	0	2
