mutation_id	ref_counts	var_counts	normal_cn	minor_cn	major_cn
1	28	32	2	1	1
2	30	30	2	1	1
3	29	31	2	1	1
4	36	24	2	1	1
5	35	25	2	1	1
6	24	36	2	1	1
7	29	31	2	1	1
8	25	35	2	1	1
9	25	35	2	1	1
10	32	28	2	1	1
11	28	32	2	1	1
12	29	31	2	1	1
13	29	31	2	1	1
14	30	30	2	1	1
15	31	29	2	1	1
16	37	23	2	1	1
17	19	41	2	1	1
18	31	29	2	1	1
19	30	30	2	1	1
20	32	28	2	1	1
21	24	36	2	1	2
22	31	29	2	1	2
23	31	29	2	1	2
24	27	33	2	1	2
25	15	45	2	1	2
26	28	32	2	1	2
27	32	28	2	1	2
28	24	36	2	1	2
29	21	39	2	1	2
30	29	31	2	1	2
31	30	30	2	1	1
32	35	25	2	1	1
33	35	25	2	1	1
34	29	31	2	1	1
35	29	31	2	1	1
36	34	26	2	1	1
37	30	30	2	1	1
38	29	31	2	1	1
39	24	36	2	1	1
40	29	31	2	1	1
41	28	32	2	0	2
42	19	41	2	0	2
43	31	29	2	0	2
44	23	37	2	0	2
45	22	38	2	0	2
46	22	38	2	0	2
47	27	33	2	0	2
48	30	30	2	0	2
49	21	39	2	0	2
50	20	40	2	0	2
