mutation_id	ref_counts	var_counts	normal_cn	minor_cn	major_cn
1	496	504	2	1	1
2	491	509	2	1	1
3	519	481	2	1	1
4	490	510	2	1	1
5	519	481	2	1	1
6	532	468	2	1	1
7	515	485	2	1	1
8	478	522	2	1	1
9	515	485	2	1	1
10	491	509	2	1	1
11	490	510	2	1	1
12	484	516	2	1	1
13	513	487	2	1	1
14	499	501	2	1	1
15	538	462	2	1	1
16	492	508	2	1	1
17	471	529	2	1	1
18	479	521	2	1	1
19	477	523	2	1	1
20	519	481	2	1	1
21	415	585	2	1	2
22	418	582	2	1	2
23	467	533	2	1	2
24	415	585	2	1	2
25	434	566	2	1	2
26	422	578	2	1	2
27	431	569	2	1	2
28	453	547	2	1	2
29	418	582	2	1	2
30	426	574	2	1	2
31	502	498	2	1	1
32	503	497	2	1	1
33	510	490	2	1	1
34	509	491	2	1	1
35	501	499	2	1	1
36	508	492	2	1	1
37	495	505	2	1	1
38	520	480	2	1	1
39	509	491	2	1	1
40	533	467	2	1	1
41	401	599	2	0	2
42	393	607	2	0	2
43	417	583	2	0	2
44	398	602	2	0	2
45	408	592	2	0	2
46	423	577	2	0	2
47	431	569	2	0	2
48	415	585	2	0	2
49	425	575	2	0	2
50	391	609	2	0	2
