mutation_id	ref_counts	var_counts	normal_cn	minor_cn	major_cn
1	17	13	2	1	1
2	14	16	2	1	1
3	19	11	2	1	1
4	15	15	2	1	1
5	17	13	2	1	1
6	15	15	2	1	1
7	11	19	2	1	1
8	14	16	2	1	1
9	13	17	2	1	1
10	23	7	2	1	1
11	17	13	2	1	1
12	14	16	2	1	1
13	15	15	2	1	1
14	12	18	2	1	1
15	13	17	2	1	1
16	20	10	2	1	1
17	16	14	2	1	1
18	12	18	2	1	1
19	17	13	2	1	1
20	15	15	2	1	1
21	12	18	2	1	2
22	16	14	2	1	2
23	6	24	2	1	2
24	20	10	2	1	2
25	11	19	2	1	2
26	12	18	2	1	2
27	15	15	2	1	2
28	12	18	2	1	2
29	13	17	2	1	2
30	15	15	2	1	2
31	17	13	2	1	1
32	13	17	2	1	1
33	15	15	2	1	1
34	17	13	2	1	1
35	19	11	2	1	1
36	12	18	2	1	1
37	17	13	2	1	1
38	10	20	2	1	1
39	20	10	2	1	1
40	19	11	2	1	1
41	10	20	2	0	2
42	10	20	2	0	2
43	13	17	2	0	2
44	9	21	2	0	2
45	9	21	2	0	2
46	11	19	2	0	2
47	14	16	2	0	2
48	14	16	2	0	2
49	9	21	2	0	2
50	12	18	2	0	2
