mutation_id	ref_counts	var_counts	normal_cn	minor_cn	major_cn
1	55	65	2	1	1
2	59	61	2	1	1
3	53	67	2	1	1
4	57	63	2	1	1
5	66	54	2	1	1
6	68	52	2	1	1
7	60	60	2	1	1
8	55	65	2	1	1
9	67	53	2	1	1
10	62	58	2	1	1
11	69	51	2	1	1
12	60	60	2	1	1
13	55	65	2	1	1
14	65	55	2	1	1
15	52	68	2	1	1
16	59	61	2	1	1
17	68	52	2	1	1
18	65	55	2	1	1
19	57	63	2	1	1
20	56	64	2	1	1
21	51	69	2	1	2
22	59	61	2	1	2
23	47	73	2	1	2
24	48	72	2	1	2
25	52	68	2	1	2
26	41	79	2	1	2
27	49	71	2	1	2
28	51	69	2	1	2
29	50	70	2	1	2
30	52	68	2	1	2
31	54	66	2	1	1
32	60	60	2	1	1
33	53	67	2	1	1
34	62	58	2	1	1
35	57	63	2	1	1
36	66	54	2	1	1
37	61	59	2	1	1
38	57	63	2	1	1
39	57	63	2	1	1
40	50	70	2	1	1
41	54	66	2	0	2
42	42	78	2	0	2
43	51	69	2	0	2
44	47	73	2	0	2
45	45	75	2	0	2
46	39	81	2	0	2
47	58	62	2	0	2
48	46	74	2	0	2
49	50	70	2	0	2
50	44	76	2	0	2
