mutation_id	ref_counts	var_counts	normal_cn	minor_cn	major_cn
1	59	61	2	1	1
2	57	63	2	1	1
3	59	61	2	1	1
4	63	57	2	1	1
5	50	70	2	1	1
6	62	58	2	1	1
7	47	73	2	1	1
8	57	63	2	1	1
9	60	60	2	1	1
10	66	54	2	1	1
11	61	59	2	1	1
12	54	66	2	1	1
13	66	54	2	1	1
14	75	45	2	1	1
15	63	57	2	1	1
16	72	48	2	1	1
17	55	65	2	1	1
18	60	60	2	1	1
19	55	65	2	1	1
20	62	58	2	1	1
21	44	76	2	1	2
22	49	71	2	1	2
23	48	72	2	1	2
24	46	74	2	1	2
25	45	75	2	1	2
26	48	72	2	1	2
27	61	59	2	1	2
28	51	69	2	1	2
29	61	59	2	1	2
30	59	61	2	1	2
31	60	60	2	1	1
32	57	63	2	1	1
33	64	56	2	1	1
34	61	59	2	1	1
35	67	53	2	1	1
36	62	58	2	1	1
37	63	57	2	1	1
38	55	65	2	1	1
39	64	56	2	1	1
40	62	58	2	1	1
41	50	70	2	0	2
42	45	75	2	0	2
43	49	71	2	0	2
44	44	76	2	0	2
45	41	79	2	0	2
46	49	71	2	0	2
47	51	69	2	0	2
48	43	77	2	0	2
49	49	71	2	0	2
50	44	76	2	0	2
