mutation_id	ref_counts	var_counts	normal_cn	minor_cn	major_cn
1	17	13	2	1	1
2	16	14	2	1	1
3	17	13	2	1	1
4	9	21	2	1	1
5	16	14	2	1	1
6	18	12	2	1	1
7	11	19	2	1	1
8	15	15	2	1	1
9	17	13	2	1	1
10	11	19	2	1	1
11	19	11	2	1	1
12	10	20	2	1	1
13	15	15	2	1	1
14	12	18	2	1	1
15	13	17	2	1	1
16	13	17	2	1	1
17	17	13	2	1	1
18	18	12	2	1	1
19	14	16	2	1	1
20	13	17	2	1	1
21	10	20	2	1	2
22	13	17	2	1	2
23	18	12	2	1	2
24	12	18	2	1	2
25	14	16	2	1	2
26	12	18	2	1	2
27	12	18	2	1	2
28	14	16	2	1	2
29	8	22	2	1	2
30	15	15	2	1	2
31	16	14	2	1	1
32	19	11	2	1	1
33	14	16	2	1	1
34	15	15	2	1	1
35	14	16	2	1	1
36	13	17	2	1	1
37	19	11	2	1	1
38	16	14	2	1	1
39	9	21	2	1	1
40	17	13	2	1	1
41	11	19	2	0	2
42	7	23	2	0	2
43	10	20	2	0	2
44	13	17	2	0	2
45	10	20	2	0	2
46	13	17	2	0	2
47	14	16	2	0	2
48	15	15	2	0	2
49	19	11	2	0	2
50	8	22	2	0	2
