mutation_id	ref_counts	var_counts	normal_cn	minor_cn	major_cn
1	15	15	2	1	1
2	10	20	2	1	1
3	13	17	2	1	1
4	16	14	2	1	1
5	14	16	2	1	1
6	13	17	2	1	1
7	19	11	2	1	1
8	16	14	2	1	1
9	14	16	2	1	1
10	7	23	2	1	1
11	14	16	2	1	1
12	18	12	2	1	1
13	15	15	2	1	1
14	15	15	2	1	1
15	21	9	2	1	1
16	17	13	2	1	1
17	17	13	2	1	1
18	19	11	2	1	1
19	19	11	2	1	1
20	14	16	2	1	1
21	14	16	2	1	1
22	13	17	2	1	1
23	17	13	2	1	1
24	14	16	2	1	1
25	19	11	2	1	1
26	13	17	2	1	1
27	16	14	2	1	1
28	21	9	2	1	1
29	14	16	2	1	1
30	15	15	2	1	1
31	13	17	2	1	1
32	17	13	2	1	1
33	9	21	2	1	1
34	13	17	2	1	1
35	16	14	2	1	1
36	13	17	2	1	1
37	17	13	2	1	1
38	9	21	2	1	1
39	17	13	2	1	1
40	15	15	2	1	1
41	13	17	2	1	2
42	13	17	2	1	2
43	16	14	2	1	2
44	16	14	2	1	2
45	15	15	2	1	2
46	14	16	2	1	2
47	14	16	2	1	2
48	12	18	2	1	2
49	16	14	2	1	2
50	7	23	2	1	2
51	17	13	2	1	2
52	10	20	2	1	2
53	16	14	2	1	2
54	14	16	2	1	2
55	13	17	2	1	2
56	16	14	2	1	2
57	19	11	2	1	2
58	15	15	2	1	2
59	16	14	2	1	2
60	12	18	2	1	2
61	20	10	2	1	1
62	16	14	2	1	1
63	18	12	2	1	1
64	11	19	2	1	1
65	14	16	2	1	1
66	17	13	2	1	1
67	13	17	2	1	1
68	18	12	2	1	1
69	9	21	2	1	1
70	17	13	2	1	1
71	16	14	2	1	1
72	13	17	2	1	1
73	19	11	2	1	1
74	14	16	2	1	1
75	17	13	2	1	1
76	9	21	2	1	1
77	15	15	2	1	1
78	17	13	2	1	1
79	14	16	2	1	1
80	13	17	2	1	1
81	17	13	2	0	2
82	13	17	2	0	2
83	14	16	2	0	2
84	12	18	2	0	2
85	15	15	2	0	2
86	14	16	2	0	2
87	6	24	2	0	2
88	12	18	2	0	2
89	11	19	2	0	2
90	10	20	2	0	2
91	12	18	2	0	2
92	11	19	2	0	2
93	11	19	2	0	2
94	6	24	2	0	2
95	14	16	2	0	2
96	14	16	2	0	2
97	11	19	2	0	2
98	16	14	2	0	2
99	9	21	2	0	2
100	16	14	2	0	2
