mutation_id	ref_counts	var_counts	normal_cn	minor_cn	major_cn
1	64	56	2	1	1
2	53	67	2	1	1
3	58	62	2	1	1
4	61	59	2	1	1
5	59	61	2	1	1
6	56	64	2	1	1
7	65	55	2	1	1
8	65	55	2	1	1
9	58	62	2	1	1
10	74	46	2	1	1
11	52	68	2	1	1
12	54	66	2	1	1
13	60	60	2	1	1
14	69	51	2	1	1
15	43	77	2	1	1
16	54	66	2	1	1
17	64	56	2	1	1
18	71	49	2	1	1
19	60	60	2	1	1
20	54	66	2	1	1
21	58	62	2	1	1
22	57	63	2	1	1
23	71	49	2	1	1
24	58	62	2	1	1
25	58	62	2	1	1
26	50	70	2	1	1
27	59	61	2	1	1
28	59	61	2	1	1
29	72	48	2	1	1
30	61	59	2	1	1
31	62	58	2	1	1
32	61	59	2	1	1
33	58	62	2	1	1
34	68	52	2	1	1
35	56	64	2	1	1
36	62	58	2	1	1
37	48	72	2	1	1
38	62	58	2	1	1
39	61	59	2	1	1
40	57	63	2	1	1
41	53	67	2	1	2
42	53	67	2	1	2
43	58	62	2	1	2
44	60	60	2	1	2
45	58	62	2	1	2
46	61	59	2	1	2
47	52	68	2	1	2
48	50	70	2	1	2
49	47	73	2	1	2
50	53	67	2	1	2
51	48	72	2	1	2
52	44	76	2	1	2
53	54	66	2	1	2
54	47	73	2	1	2
55	61	59	2	1	2
56	65	55	2	1	2
57	50	70	2	1	2
58	53	67	2	1	2
59	46	74	2	1	2
60	45	75	2	1	2
61	63	57	2	1	1
62	61	59	2	1	1
63	62	58	2	1	1
64	60	60	2	1	1
65	62	58	2	1	1
66	62	58	2	1	1
67	61	59	2	1	1
68	57	63	2	1	1
69	59	61	2	1	1
70	61	59	2	1	1
71	56	64	2	1	1
72	63	57	2	1	1
73	50	70	2	1	1
74	59	61	2	1	1
75	57	63	2	1	1
76	55	65	2	1	1
77	61	59	2	1	1
78	56	64	2	1	1
79	66	54	2	1	1
80	59	61	2	1	1
81	59	61	2	0	2
82	40	80	2	0	2
83	53	67	2	0	2
84	57	63	2	0	2
85	59	61	2	0	2
86	37	83	2	0	2
87	52	68	2	0	2
88	46	74	2	0	2
89	48	72	2	0	2
90	50	70	2	0	2
91	49	71	2	0	2
92	46	74	2	0	2
93	48	72	2	0	2
94	52	68	2	0	2
95	41	79	2	0	2
96	47	73	2	0	2
97	42	78	2	0	2
98	53	67	2	0	2
99	39	81	2	0	2
100	43	77	2	0	2
