mutation_id	ref_counts	var_counts	normal_cn	minor_cn	major_cn
1	493	507	2	1	1
2	524	476	2	1	1
3	489	511	2	1	1
4	513	487	2	1	1
5	468	532	2	1	1
6	481	519	2	1	1
7	481	519	2	1	1
8	485	515	2	1	1
9	495	505	2	1	1
10	497	503	2	1	1
11	498	502	2	1	1
12	510	490	2	1	1
13	500	500	2	1	1
14	489	511	2	1	1
15	521	479	2	1	1
16	486	514	2	1	1
17	505	495	2	1	1
18	495	505	2	1	1
19	499	501	2	1	1
20	519	481	2	1	1
21	440	560	2	1	2
22	439	561	2	1	2
23	443	557	2	1	2
24	435	565	2	1	2
25	415	585	2	1	2
26	425	575	2	1	2
27	436	564	2	1	2
28	418	582	2	1	2
29	454	546	2	1	2
30	435	565	2	1	2
31	503	497	2	1	1
32	488	512	2	1	1
33	516	484	2	1	1
34	481	519	2	1	1
35	511	489	2	1	1
36	528	472	2	1	1
37	498	502	2	1	1
38	483	517	2	1	1
39	501	499	2	1	1
40	486	514	2	1	1
41	427	573	2	0	2
42	401	599	2	0	2
43	409	591	2	0	2
44	392	608	2	0	2
45	404	596	2	0	2
46	394	606	2	0	2
47	393	607	2	0	2
48	412	588	2	0	2
49	389	611	2	0	2
50	407	593	2	0	2
