mutation_id	ref_counts	var_counts	normal_cn	minor_cn	major_cn
1	8	22	2	1	1
2	13	17	2	1	1
3	16	14	2	1	1
4	14	16	2	1	1
5	17	13	2	1	1
6	12	18	2	1	1
7	18	12	2	1	1
8	18	12	2	1	1
9	16	14	2	1	1
10	12	18	2	1	1
11	14	16	2	1	1
12	15	15	2	1	1
13	14	16	2	1	1
14	13	17	2	1	1
15	15	15	2	1	1
16	19	11	2	1	1
17	19	11	2	1	1
18	19	11	2	1	1
19	15	15	2	1	1
20	13	17	2	1	1
21	16	14	2	1	1
22	15	15	2	1	1
23	19	11	2	1	1
24	15	15	2	1	1
25	15	15	2	1	1
26	16	14	2	1	1
27	17	13	2	1	1
28	13	17	2	1	1
29	17	13	2	1	1
30	17	13	2	1	1
31	14	16	2	1	1
32	18	12	2	1	1
33	15	15	2	1	1
34	18	12	2	1	1
35	16	14	2	1	1
36	18	12	2	1	1
37	18	12	2	1	1
38	15	15	2	1	1
39	14	16	2	1	1
40	12	18	2	1	1
41	11	19	2	1	2
42	15	15	2	1	2
43	12	18	2	1	2
44	12	18	2	1	2
45	14	16	2	1	2
46	14	16	2	1	2
47	16	14	2	1	2
48	15	15	2	1	2
49	10	20	2	1	2
50	13	17	2	1	2
51	15	15	2	1	2
52	12	18	2	1	2
53	14	16	2	1	2
54	10	20	2	1	2
55	12	18	2	1	2
56	14	16	2	1	2
57	9	21	2	1	2
58	17	13	2	1	2
59	17	13	2	1	2
60	13	17	2	1	2
61	13	17	2	1	1
62	14	16	2	1	1
63	9	21	2	1	1
64	11	19	2	1	1
65	16	14	2	1	1
66	17	13	2	1	1
67	16	14	2	1	1
68	16	14	2	1	1
69	18	12	2	1	1
70	18	12	2	1	1
71	16	14	2	1	1
72	12	18	2	1	1
73	11	19	2	1	1
74	11	19	2	1	1
75	15	15	2	1	1
76	12	18	2	1	1
77	18	12	2	1	1
78	14	16	2	1	1
79	12	18	2	1	1
80	10	20	2	1	1
81	16	14	2	0	2
82	10	20	2	0	2
83	14	16	2	0	2
84	11	19	2	0	2
85	9	21	2	0	2
86	10	20	2	0	2
87	16	14	2	0	2
88	12	18	2	0	2
89	10	20	2	0	2
90	8	22	2	0	2
91	17	13	2	0	2
92	11	19	2	0	2
93	11	19	2	0	2
94	12	18	2	0	2
95	11	19	2	0	2
96	17	13	2	0	2
97	14	16	2	0	2
98	11	19	2	0	2
99	9	21	2	0	2
100	10	20	2	0	2
