mutation_id	ref_counts	var_counts	normal_cn	minor_cn	major_cn
1	66	54	2	1	1
2	65	55	2	1	1
3	71	49	2	1	1
4	49	71	2	1	1
5	58	62	2	1	1
6	67	53	2	1	1
7	52	68	2	1	1
8	65	55	2	1	1
9	61	59	2	1	1
10	52	68	2	1	1
11	53	67	2	1	1
12	66	54	2	1	1
13	61	59	2	1	1
14	65	55	2	1	1
15	55	65	2	1	1
16	70	50	2	1	1
17	43	77	2	1	1
18	65	55	2	1	1
19	54	66	2	1	1
20	60	60	2	1	1
21	68	52	2	1	1
22	58	62	2	1	1
23	55	65	2	1	1
24	59	61	2	1	1
25	62	58	2	1	1
26	56	64	2	1	1
27	59	61	2	1	1
28	65	55	2	1	1
29	54	66	2	1	1
30	57	63	2	1	1
31	53	67	2	1	1
32	56	64	2	1	1
33	61	59	2	1	1
34	58	62	2	1	1
35	60	60	2	1	1
36	63	57	2	1	1
37	60	60	2	1	1
38	64	56	2	1	1
39	54	66	2	1	1
40	73	47	2	1	1
41	49	71	2	1	2
42	51	69	2	1	2
43	59	61	2	1	2
44	49	71	2	1	2
45	55	65	2	1	2
46	54	66	2	1	2
47	51	69	2	1	2
48	54	66	2	1	2
49	54	66	2	1	2
50	56	64	2	1	2
51	43	77	2	1	2
52	49	71	2	1	2
53	56	64	2	1	2
54	56	64	2	1	2
55	52	68	2	1	2
56	57	63	2	1	2
57	51	69	2	1	2
58	47	73	2	1	2
59	43	77	2	1	2
60	49	71	2	1	2
61	56	64	2	1	1
62	59	61	2	1	1
63	53	67	2	1	1
64	54	66	2	1	1
65	66	54	2	1	1
66	63	57	2	1	1
67	63	57	2	1	1
68	65	55	2	1	1
69	59	61	2	1	1
70	65	55	2	1	1
71	57	63	2	1	1
72	61	59	2	1	1
73	58	62	2	1	1
74	59	61	2	1	1
75	61	59	2	1	1
76	68	52	2	1	1
77	53	67	2	1	1
78	58	62	2	1	1
79	54	66	2	1	1
80	63	57	2	1	1
81	51	69	2	0	2
82	47	73	2	0	2
83	46	74	2	0	2
84	41	79	2	0	2
85	48	72	2	0	2
86	34	86	2	0	2
87	50	70	2	0	2
88	46	74	2	0	2
89	43	77	2	0	2
90	51	69	2	0	2
91	51	69	2	0	2
92	48	72	2	0	2
93	47	73	2	0	2
94	46	74	2	0	2
95	52	68	2	0	2
96	56	64	2	0	2
97	46	74	2	0	2
98	60	60	2	0	2
99	40	80	2	0	2
100	48	72	2	0	2
