mutation_id	ref_counts	var_counts	normal_cn	minor_cn	major_cn
1	32	28	2	1	1
2	26	34	2	1	1
3	30	30	2	1	1
4	26	34	2	1	1
5	35	25	2	1	1
6	25	35	2	1	1
7	36	24	2	1	1
8	35	25	2	1	1
9	34	26	2	1	1
10	33	27	2	1	1
11	24	36	2	1	1
12	29	31	2	1	1
13	32	28	2	1	1
14	32	28	2	1	1
15	25	35	2	1	1
16	26	34	2	1	1
17	33	27	2	1	1
18	27	33	2	1	1
19	33	27	2	1	1
20	25	35	2	1	1
21	31	29	2	1	1
22	31	29	2	1	1
23	33	27	2	1	1
24	28	32	2	1	1
25	21	39	2	1	1
26	20	40	2	1	1
27	29	31	2	1	1
28	32	28	2	1	1
29	32	28	2	1	1
30	27	33	2	1	1
31	29	31	2	1	1
32	25	35	2	1	1
33	32	28	2	1	1
34	34	26	2	1	1
35	23	37	2	1	1
36	38	22	2	1	1
37	26	34	2	1	1
38	32	28	2	1	1
39	33	27	2	1	1
40	32	28	2	1	1
41	28	32	2	1	2
42	26	34	2	1	2
43	29	31	2	1	2
44	24	36	2	1	2
45	27	33	2	1	2
46	27	33	2	1	2
47	29	31	2	1	2
48	35	25	2	1	2
49	30	30	2	1	2
50	24	36	2	1	2
51	27	33	2	1	2
52	21	39	2	1	2
53	25	35	2	1	2
54	19	41	2	1	2
55	27	33	2	1	2
56	26	34	2	1	2
57	32	28	2	1	2
58	27	33	2	1	2
59	21	39	2	1	2
60	26	34	2	1	2
61	22	38	2	1	1
62	24	36	2	1	1
63	36	24	2	1	1
64	26	34	2	1	1
65	33	27	2	1	1
66	30	30	2	1	1
67	33	27	2	1	1
68	34	26	2	1	1
69	25	35	2	1	1
70	35	25	2	1	1
71	30	30	2	1	1
72	28	32	2	1	1
73	23	37	2	1	1
74	34	26	2	1	1
75	20	40	2	1	1
76	26	34	2	1	1
77	26	34	2	1	1
78	30	30	2	1	1
79	30	30	2	1	1
80	31	29	2	1	1
81	24	36	2	0	2
82	30	30	2	0	2
83	23	37	2	0	2
84	21	39	2	0	2
85	27	33	2	0	2
86	19	41	2	0	2
87	26	34	2	0	2
88	22	38	2	0	2
89	30	30	2	0	2
90	16	44	2	0	2
91	27	33	2	0	2
92	22	38	2	0	2
93	20	40	2	0	2
94	23	37	2	0	2
95	30	30	2	0	2
96	18	42	2	0	2
97	19	41	2	0	2
98	26	34	2	0	2
99	29	31	2	0	2
100	25	35	2	0	2
