mutation_id	ref_counts	var_counts	normal_cn	minor_cn	major_cn
1	31	29	2	1	1
2	31	29	2	1	1
3	29	31	2	1	1
4	33	27	2	1	1
5	28	32	2	1	1
6	34	26	2	1	1
7	41	19	2	1	1
8	37	23	2	1	1
9	20	40	2	1	1
10	27	33	2	1	1
11	22	38	2	1	1
12	26	34	2	1	1
13	37	23	2	1	1
14	28	32	2	1	1
15	27	33	2	1	1
16	30	30	2	1	1
17	33	27	2	1	1
18	27	33	2	1	1
19	27	33	2	1	1
20	30	30	2	1	1
21	22	38	2	1	2
22	25	35	2	1	2
23	29	31	2	1	2
24	29	31	2	1	2
25	20	40	2	1	2
26	26	34	2	1	2
27	24	36	2	1	2
28	35	25	2	1	2
29	37	23	2	1	2
30	21	39	2	1	2
31	28	32	2	1	1
32	24	36	2	1	1
33	29	31	2	1	1
34	32	28	2	1	1
35	25	35	2	1	1
36	26	34	2	1	1
37	24	36	2	1	1
38	30	30	2	1	1
39	27	33	2	1	1
40	24	36	2	1	1
41	25	35	2	0	2
42	26	34	2	0	2
43	27	33	2	0	2
44	19	41	2	0	2
45	18	42	2	0	2
46	28	32	2	0	2
47	25	35	2	0	2
48	25	35	2	0	2
49	25	35	2	0	2
50	23	37	2	0	2
