mutation_id	ref_counts	var_counts	normal_cn	minor_cn	major_cn
1	31	29	2	1	1
2	27	33	2	1	1
3	31	29	2	1	1
4	30	30	2	1	1
5	33	27	2	1	1
6	29	31	2	1	1
7	34	26	2	1	1
8	28	32	2	1	1
9	31	29	2	1	1
10	34	26	2	1	1
11	29	31	2	1	1
12	33	27	2	1	1
13	31	29	2	1	1
14	31	29	2	1	1
15	35	25	2	1	1
16	30	30	2	1	1
17	30	30	2	1	1
18	32	28	2	1	1
19	28	32	2	1	1
20	36	24	2	1	1
21	29	31	2	1	1
22	32	28	2	1	1
23	22	38	2	1	1
24	38	22	2	1	1
25	26	34	2	1	1
26	28	32	2	1	1
27	32	28	2	1	1
28	37	23	2	1	1
29	35	25	2	1	1
30	24	36	2	1	1
31	31	29	2	1	1
32	31	29	2	1	1
33	29	31	2	1	1
34	29	31	2	1	1
35	34	26	2	1	1
36	37	23	2	1	1
37	32	28	2	1	1
38	35	25	2	1	1
39	30	30	2	1	1
40	29	31	2	1	1
41	26	34	2	1	2
42	27	33	2	1	2
43	30	30	2	1	2
44	21	39	2	1	2
45	25	35	2	1	2
46	25	35	2	1	2
47	31	29	2	1	2
48	31	29	2	1	2
49	22	38	2	1	2
50	24	36	2	1	2
51	31	29	2	1	2
52	21	39	2	1	2
53	28	32	2	1	2
54	24	36	2	1	2
55	27	33	2	1	2
56	24	36	2	1	2
57	30	30	2	1	2
58	36	24	2	1	2
59	28	32	2	1	2
60	26	34	2	1	2
61	32	28	2	1	1
62	32	28	2	1	1
63	33	27	2	1	1
64	34	26	2	1	1
65	26	34	2	1	1
66	32	28	2	1	1
67	31	29	2	1	1
68	25	35	2	1	1
69	32	28	2	1	1
70	33	27	2	1	1
71	24	36	2	1	1
72	28	32	2	1	1
73	21	39	2	1	1
74	26	34	2	1	1
75	34	26	2	1	1
76	31	29	2	1	1
77	29	31	2	1	1
78	24	36	2	1	1
79	34	26	2	1	1
80	34	26	2	1	1
81	18	42	2	0	2
82	31	29	2	0	2
83	23	37	2	0	2
84	17	43	2	0	2
85	26	34	2	0	2
86	25	35	2	0	2
87	22	38	2	0	2
88	18	42	2	0	2
89	24	36	2	0	2
90	20	40	2	0	2
91	27	33	2	0	2
92	24	36	2	0	2
93	20	40	2	0	2
94	23	37	2	0	2
95	20	40	2	0	2
96	20	40	2	0	2
97	27	33	2	0	2
98	24	36	2	0	2
99	20	40	2	0	2
100	26	34	2	0	2
