mutation_id	ref_counts	var_counts	normal_cn	minor_cn	major_cn
1	30	30	2	1	1
2	32	28	2	1	1
3	28	32	2	1	1
4	32	28	2	1	1
5	34	26	2	1	1
6	29	31	2	1	1
7	27	33	2	1	1
8	29	31	2	1	1
9	27	33	2	1	1
10	30	30	2	1	1
11	22	38	2	1	1
12	27	33	2	1	1
13	27	33	2	1	1
14	34	26	2	1	1
15	33	27	2	1	1
16	21	39	2	1	1
17	25	35	2	1	1
18	27	33	2	1	1
19	31	29	2	1	1
20	35	25	2	1	1
21	20	40	2	1	2
22	23	37	2	1	2
23	24	36	2	1	2
24	23	37	2	1	2
25	24	36	2	1	2
26	20	40	2	1	2
27	25	35	2	1	2
28	33	27	2	1	2
29	25	35	2	1	2
30	28	32	2	1	2
31	31	29	2	1	1
32	36	24	2	1	1
33	25	35	2	1	1
34	38	22	2	1	1
35	38	22	2	1	1
36	24	36	2	1	1
37	26	34	2	1	1
38	29	31	2	1	1
39	32	28	2	1	1
40	33	27	2	1	1
41	23	37	2	0	2
42	27	33	2	0	2
43	21	39	2	0	2
44	24	36	2	0	2
45	21	39	2	0	2
46	22	38	2	0	2
47	21	39	2	0	2
48	22	38	2	0	2
49	20	40	2	0	2
50	22	38	2	0	2
