mutation_id	ref_counts	var_counts	normal_cn	minor_cn	major_cn
1	31	29	2	1	1
2	28	32	2	1	1
3	31	29	2	1	1
4	19	41	2	1	1
5	29	31	2	1	1
6	28	32	2	1	1
7	28	32	2	1	1
8	25	35	2	1	1
9	31	29	2	1	1
10	29	31	2	1	1
11	31	29	2	1	1
12	29	31	2	1	1
13	32	28	2	1	1
14	29	31	2	1	1
15	27	33	2	1	1
16	20	40	2	1	1
17	27	33	2	1	1
18	31	29	2	1	1
19	23	37	2	1	1
20	26	34	2	1	1
21	28	32	2	1	2
22	26	34	2	1	2
23	31	29	2	1	2
24	28	32	2	1	2
25	22	38	2	1	2
26	26	34	2	1	2
27	22	38	2	1	2
28	26	34	2	1	2
29	29	31	2	1	2
30	22	38	2	1	2
31	33	27	2	1	1
32	33	27	2	1	1
33	32	28	2	1	1
34	31	29	2	1	1
35	27	33	2	1	1
36	36	24	2	1	1
37	30	30	2	1	1
38	29	31	2	1	1
39	27	33	2	1	1
40	28	32	2	1	1
41	19	41	2	0	2
42	27	33	2	0	2
43	25	35	2	0	2
44	29	31	2	0	2
45	27	33	2	0	2
46	20	40	2	0	2
47	26	34	2	0	2
48	23	37	2	0	2
49	20	40	2	0	2
50	27	33	2	0	2
