mutation_id	ref_counts	var_counts	normal_cn	minor_cn	major_cn
1	12	18	2	1	1
2	12	18	2	1	1
3	11	19	2	1	1
4	16	14	2	1	1
5	16	14	2	1	1
6	15	15	2	1	1
7	17	13	2	1	1
8	11	19	2	1	1
9	16	14	2	1	1
10	16	14	2	1	1
11	12	18	2	1	1
12	18	12	2	1	1
13	17	13	2	1	1
14	13	17	2	1	1
15	17	13	2	1	1
16	18	12	2	1	1
17	14	16	2	1	1
18	9	21	2	1	1
19	15	15	2	1	1
20	17	13	2	1	1
21	14	16	2	1	2
22	12	18	2	1	2
23	12	18	2	1	2
24	13	17	2	1	2
25	15	15	2	1	2
26	6	24	2	1	2
27	10	20	2	1	2
28	16	14	2	1	2
29	11	19	2	1	2
30	12	18	2	1	2
31	17	13	2	1	1
32	13	17	2	1	1
33	15	15	2	1	1
34	18	12	2	1	1
35	16	14	2	1	1
36	11	19	2	1	1
37	13	17	2	1	1
38	17	13	2	1	1
39	15	15	2	1	1
40	17	13	2	1	1
41	12	18	2	0	2
42	11	19	2	0	2
43	11	19	2	0	2
44	19	11	2	0	2
45	13	17	2	0	2
46	11	19	2	0	2
47	11	19	2	0	2
48	12	18	2	0	2
49	19	11	2	0	2
50	11	19	2	0	2
