mutation_id	ref_counts	var_counts	normal_cn	minor_cn	major_cn
1	15	15	2	1	1
2	15	15	2	1	1
3	16	14	2	1	1
4	16	14	2	1	1
5	18	12	2	1	1
6	15	15	2	1	1
7	15	15	2	1	1
8	16	14	2	1	1
9	16	14	2	1	1
10	19	11	2	1	1
11	17	13	2	1	1
12	11	19	2	1	1
13	12	18	2	1	1
14	16	14	2	1	1
15	15	15	2	1	1
16	18	12	2	1	1
17	13	17	2	1	1
18	13	17	2	1	1
19	12	18	2	1	1
20	12	18	2	1	1
21	11	19	2	1	2
22	17	13	2	1	2
23	15	15	2	1	2
24	10	20	2	1	2
25	12	18	2	1	2
26	11	19	2	1	2
27	13	17	2	1	2
28	17	13	2	1	2
29	13	17	2	1	2
30	13	17	2	1	2
31	14	16	2	1	1
32	14	16	2	1	1
33	17	13	2	1	1
34	17	13	2	1	1
35	16	14	2	1	1
36	16	14	2	1	1
37	12	18	2	1	1
38	20	10	2	1	1
39	13	17	2	1	1
40	13	17	2	1	1
41	15	15	2	0	2
42	14	16	2	0	2
43	13	17	2	0	2
44	8	22	2	0	2
45	10	20	2	0	2
46	10	20	2	0	2
47	13	17	2	0	2
48	14	16	2	0	2
49	11	19	2	0	2
50	14	16	2	0	2
