mutation_id	ref_counts	var_counts	normal_cn	minor_cn	major_cn
1	32	28	2	1	1
2	24	36	2	1	1
3	33	27	2	1	1
4	31	29	2	1	1
5	26	34	2	1	1
6	29	31	2	1	1
7	33	27	2	1	1
8	32	28	2	1	1
9	26	34	2	1	1
10	33	27	2	1	1
11	30	30	2	1	1
12	36	24	2	1	1
13	28	32	2	1	1
14	31	29	2	1	1
15	29	31	2	1	1
16	34	26	2	1	1
17	32	28	2	1	1
18	28	32	2	1	1
19	31	29	2	1	1
20	30	30	2	1	1
21	31	29	2	1	1
22	34	26	2	1	1
23	31	29	2	1	1
24	30	30	2	1	1
25	29	31	2	1	1
26	37	23	2	1	1
27	24	36	2	1	1
28	28	32	2	1	1
29	35	25	2	1	1
30	30	30	2	1	1
31	34	26	2	1	1
32	27	33	2	1	1
33	27	33	2	1	1
34	31	29	2	1	1
35	29	31	2	1	1
36	28	32	2	1	1
37	29	31	2	1	1
38	24	36	2	1	1
39	20	40	2	1	1
40	27	33	2	1	1
41	26	34	2	1	2
42	28	32	2	1	2
43	26	34	2	1	2
44	33	27	2	1	2
45	22	38	2	1	2
46	25	35	2	1	2
47	24	36	2	1	2
48	26	34	2	1	2
49	25	35	2	1	2
50	29	31	2	1	2
51	24	36	2	1	2
52	25	35	2	1	2
53	20	40	2	1	2
54	14	46	2	1	2
55	16	44	2	1	2
56	23	37	2	1	2
57	22	38	2	1	2
58	25	35	2	1	2
59	25	35	2	1	2
60	20	40	2	1	2
61	24	36	2	1	1
62	34	26	2	1	1
63	34	26	2	1	1
64	27	33	2	1	1
65	29	31	2	1	1
66	35	25	2	1	1
67	27	33	2	1	1
68	31	29	2	1	1
69	23	37	2	1	1
70	27	33	2	1	1
71	32	28	2	1	1
72	30	30	2	1	1
73	30	30	2	1	1
74	27	33	2	1	1
75	36	24	2	1	1
76	21	39	2	1	1
77	37	23	2	1	1
78	26	34	2	1	1
79	23	37	2	1	1
80	32	28	2	1	1
81	25	35	2	0	2
82	25	35	2	0	2
83	22	38	2	0	2
84	27	33	2	0	2
85	21	39	2	0	2
86	18	42	2	0	2
87	31	29	2	0	2
88	20	40	2	0	2
89	24	36	2	0	2
90	27	33	2	0	2
91	24	36	2	0	2
92	22	38	2	0	2
93	23	37	2	0	2
94	26	34	2	0	2
95	26	34	2	0	2
96	29	31	2	0	2
97	24	36	2	0	2
98	31	29	2	0	2
99	27	33	2	0	2
100	27	33	2	0	2
