mutation_id	ref_counts	var_counts	normal_cn	minor_cn	major_cn
1	66	54	2	1	1
2	57	63	2	1	1
3	50	70	2	1	1
4	62	58	2	1	1
5	67	53	2	1	1
6	58	62	2	1	1
7	65	55	2	1	1
8	68	52	2	1	1
9	61	59	2	1	1
10	57	63	2	1	1
11	68	52	2	1	1
12	55	65	2	1	1
13	55	65	2	1	1
14	60	60	2	1	1
15	54	66	2	1	1
16	71	49	2	1	1
17	59	61	2	1	1
18	62	58	2	1	1
19	56	64	2	1	1
20	64	56	2	1	1
21	60	60	2	1	1
22	58	62	2	1	1
23	53	67	2	1	1
24	66	54	2	1	1
25	60	60	2	1	1
26	44	76	2	1	1
27	63	57	2	1	1
28	60	60	2	1	1
29	62	58	2	1	1
30	57	63	2	1	1
31	60	60	2	1	1
32	53	67	2	1	1
33	62	58	2	1	1
34	58	62	2	1	1
35	65	55	2	1	1
36	61	59	2	1	1
37	61	59	2	1	1
38	60	60	2	1	1
39	61	59	2	1	1
40	67	53	2	1	1
41	46	74	2	1	2
42	51	69	2	1	2
43	39	81	2	1	2
44	54	66	2	1	2
45	42	78	2	1	2
46	47	73	2	1	2
47	52	68	2	1	2
48	51	69	2	1	2
49	58	62	2	1	2
50	52	68	2	1	2
51	57	63	2	1	2
52	59	61	2	1	2
53	60	60	2	1	2
54	49	71	2	1	2
55	50	70	2	1	2
56	44	76	2	1	2
57	44	76	2	1	2
58	50	70	2	1	2
59	57	63	2	1	2
60	54	66	2	1	2
61	57	63	2	1	1
62	59	61	2	1	1
63	64	56	2	1	1
64	58	62	2	1	1
65	66	54	2	1	1
66	62	58	2	1	1
67	62	58	2	1	1
68	68	52	2	1	1
69	63	57	2	1	1
70	58	62	2	1	1
71	60	60	2	1	1
72	60	60	2	1	1
73	69	51	2	1	1
74	58	62	2	1	1
75	64	56	2	1	1
76	68	52	2	1	1
77	59	61	2	1	1
78	62	58	2	1	1
79	55	65	2	1	1
80	59	61	2	1	1
81	56	64	2	0	2
82	41	79	2	0	2
83	58	62	2	0	2
84	53	67	2	0	2
85	48	72	2	0	2
86	48	72	2	0	2
87	49	71	2	0	2
88	51	69	2	0	2
89	52	68	2	0	2
90	44	76	2	0	2
91	54	66	2	0	2
92	50	70	2	0	2
93	46	74	2	0	2
94	50	70	2	0	2
95	47	73	2	0	2
96	55	65	2	0	2
97	44	76	2	0	2
98	45	75	2	0	2
99	42	78	2	0	2
100	54	66	2	0	2
