mutation_id	ref_counts	var_counts	normal_cn	minor_cn	major_cn
1	55	65	2	1	1
2	59	61	2	1	1
3	58	62	2	1	1
4	55	65	2	1	1
5	54	66	2	1	1
6	49	71	2	1	1
7	61	59	2	1	1
8	72	48	2	1	1
9	61	59	2	1	1
10	57	63	2	1	1
11	62	58	2	1	1
12	55	65	2	1	1
13	61	59	2	1	1
14	63	57	2	1	1
15	64	56	2	1	1
16	65	55	2	1	1
17	52	68	2	1	1
18	67	53	2	1	1
19	57	63	2	1	1
20	58	62	2	1	1
21	46	74	2	1	2
22	58	62	2	1	2
23	53	67	2	1	2
24	63	57	2	1	2
25	52	68	2	1	2
26	47	73	2	1	2
27	48	72	2	1	2
28	53	67	2	1	2
29	53	67	2	1	2
30	45	75	2	1	2
31	59	61	2	1	1
32	56	64	2	1	1
33	63	57	2	1	1
34	58	62	2	1	1
35	61	59	2	1	1
36	55	65	2	1	1
37	54	66	2	1	1
38	52	68	2	1	1
39	66	54	2	1	1
40	62	58	2	1	1
41	50	70	2	0	2
42	48	72	2	0	2
43	45	75	2	0	2
44	55	65	2	0	2
45	43	77	2	0	2
46	47	73	2	0	2
47	43	77	2	0	2
48	48	72	2	0	2
49	49	71	2	0	2
50	47	73	2	0	2
