mutation_id	ref_counts	var_counts	normal_cn	minor_cn	major_cn
1	488	512	2	1	1
2	507	493	2	1	1
3	465	535	2	1	1
4	482	518	2	1	1
5	520	480	2	1	1
6	510	490	2	1	1
7	473	527	2	1	1
8	482	518	2	1	1
9	473	527	2	1	1
10	488	512	2	1	1
11	489	511	2	1	1
12	481	519	2	1	1
13	487	513	2	1	1
14	488	512	2	1	1
15	479	521	2	1	1
16	487	513	2	1	1
17	492	508	2	1	1
18	490	510	2	1	1
19	492	508	2	1	1
20	482	518	2	1	1
21	470	530	2	1	2
22	419	581	2	1	2
23	442	558	2	1	2
24	428	572	2	1	2
25	443	557	2	1	2
26	446	554	2	1	2
27	437	563	2	1	2
28	416	584	2	1	2
29	417	583	2	1	2
30	456	544	2	1	2
31	518	482	2	1	1
32	487	513	2	1	1
33	516	484	2	1	1
34	500	500	2	1	1
35	525	475	2	1	1
36	479	521	2	1	1
37	499	501	2	1	1
38	503	497	2	1	1
39	496	504	2	1	1
40	509	491	2	1	1
41	394	606	2	0	2
42	390	610	2	0	2
43	393	607	2	0	2
44	399	601	2	0	2
45	415	585	2	0	2
46	406	594	2	0	2
47	387	613	2	0	2
48	390	610	2	0	2
49	359	641	2	0	2
50	409	591	2	0	2
