mutation_id	ref_counts	var_counts	normal_cn	minor_cn	major_cn
1	14	16	2	1	1
2	9	21	2	1	1
3	9	21	2	1	1
4	12	18	2	1	1
5	17	13	2	1	1
6	10	20	2	1	1
7	14	16	2	1	1
8	18	12	2	1	1
9	16	14	2	1	1
10	15	15	2	1	1
11	15	15	2	1	1
12	17	13	2	1	1
13	19	11	2	1	1
14	17	13	2	1	1
15	10	20	2	1	1
16	13	17	2	1	1
17	13	17	2	1	1
18	17	13	2	1	1
19	15	15	2	1	1
20	14	16	2	1	1
21	17	13	2	1	1
22	15	15	2	1	1
23	14	16	2	1	1
24	18	12	2	1	1
25	17	13	2	1	1
26	14	16	2	1	1
27	18	12	2	1	1
28	14	16	2	1	1
29	18	12	2	1	1
30	14	16	2	1	1
31	16	14	2	1	1
32	14	16	2	1	1
33	10	20	2	1	1
34	18	12	2	1	1
35	20	10	2	1	1
36	14	16	2	1	1
37	18	12	2	1	1
38	14	16	2	1	1
39	22	8	2	1	1
40	20	10	2	1	1
41	9	21	2	1	2
42	15	15	2	1	2
43	11	19	2	1	2
44	17	13	2	1	2
45	15	15	2	1	2
46	11	19	2	1	2
47	14	16	2	1	2
48	16	14	2	1	2
49	14	16	2	1	2
50	11	19	2	1	2
51	13	17	2	1	2
52	12	18	2	1	2
53	15	15	2	1	2
54	11	19	2	1	2
55	12	18	2	1	2
56	10	20	2	1	2
57	10	20	2	1	2
58	16	14	2	1	2
59	17	13	2	1	2
60	11	19	2	1	2
61	17	13	2	1	1
62	14	16	2	1	1
63	19	11	2	1	1
64	16	14	2	1	1
65	13	17	2	1	1
66	18	12	2	1	1
67	15	15	2	1	1
68	13	17	2	1	1
69	19	11	2	1	1
70	20	10	2	1	1
71	16	14	2	1	1
72	19	11	2	1	1
73	12	18	2	1	1
74	19	11	2	1	1
75	12	18	2	1	1
76	10	20	2	1	1
77	18	12	2	1	1
78	19	11	2	1	1
79	16	14	2	1	1
80	19	11	2	1	1
81	14	16	2	0	2
82	9	21	2	0	2
83	16	14	2	0	2
84	8	22	2	0	2
85	11	19	2	0	2
86	15	15	2	0	2
87	13	17	2	0	2
88	14	16	2	0	2
89	8	22	2	0	2
90	9	21	2	0	2
91	9	21	2	0	2
92	15	15	2	0	2
93	15	15	2	0	2
94	11	19	2	0	2
95	10	20	2	0	2
96	13	17	2	0	2
97	11	19	2	0	2
98	10	20	2	0	2
99	9	21	2	0	2
100	11	19	2	0	2
