mutation_id	ref_counts	var_counts	normal_cn	minor_cn	major_cn
1	32	28	2	1	1
2	23	37	2	1	1
3	36	24	2	1	1
4	31	29	2	1	1
5	29	31	2	1	1
6	34	26	2	1	1
7	27	33	2	1	1
8	34	26	2	1	1
9	30	30	2	1	1
10	28	32	2	1	1
11	28	32	2	1	1
12	28	32	2	1	1
13	26	34	2	1	1
14	39	21	2	1	1
15	24	36	2	1	1
16	25	35	2	1	1
17	34	26	2	1	1
18	29	31	2	1	1
19	34	26	2	1	1
20	30	30	2	1	1
21	30	30	2	1	1
22	26	34	2	1	1
23	33	27	2	1	1
24	32	28	2	1	1
25	29	31	2	1	1
26	36	24	2	1	1
27	32	28	2	1	1
28	30	30	2	1	1
29	32	28	2	1	1
30	28	32	2	1	1
31	32	28	2	1	1
32	29	31	2	1	1
33	36	24	2	1	1
34	42	18	2	1	1
35	29	31	2	1	1
36	32	28	2	1	1
37	30	30	2	1	1
38	25	35	2	1	1
39	37	23	2	1	1
40	32	28	2	1	1
41	29	31	2	1	2
42	21	39	2	1	2
43	23	37	2	1	2
44	24	36	2	1	2
45	26	34	2	1	2
46	29	31	2	1	2
47	31	29	2	1	2
48	34	26	2	1	2
49	30	30	2	1	2
50	21	39	2	1	2
51	31	29	2	1	2
52	27	33	2	1	2
53	27	33	2	1	2
54	19	41	2	1	2
55	24	36	2	1	2
56	25	35	2	1	2
57	34	26	2	1	2
58	29	31	2	1	2
59	35	25	2	1	2
60	30	30	2	1	2
61	30	30	2	1	1
62	27	33	2	1	1
63	31	29	2	1	1
64	29	31	2	1	1
65	23	37	2	1	1
66	29	31	2	1	1
67	26	34	2	1	1
68	33	27	2	1	1
69	32	28	2	1	1
70	29	31	2	1	1
71	27	33	2	1	1
72	33	27	2	1	1
73	34	26	2	1	1
74	35	25	2	1	1
75	31	29	2	1	1
76	38	22	2	1	1
77	34	26	2	1	1
78	29	31	2	1	1
79	29	31	2	1	1
80	29	31	2	1	1
81	22	38	2	0	2
82	24	36	2	0	2
83	27	33	2	0	2
84	29	31	2	0	2
85	25	35	2	0	2
86	28	32	2	0	2
87	24	36	2	0	2
88	14	46	2	0	2
89	31	29	2	0	2
90	26	34	2	0	2
91	27	33	2	0	2
92	22	38	2	0	2
93	35	25	2	0	2
94	22	38	2	0	2
95	23	37	2	0	2
96	25	35	2	0	2
97	20	40	2	0	2
98	24	36	2	0	2
99	23	37	2	0	2
100	23	37	2	0	2
