mutation_id	ref_counts	var_counts	normal_cn	minor_cn	major_cn
1	29	31	2	1	1
2	33	27	2	1	1
3	38	22	2	1	1
4	34	26	2	1	1
5	24	36	2	1	1
6	25	35	2	1	1
7	30	30	2	1	1
8	27	33	2	1	1
9	32	28	2	1	1
10	33	27	2	1	1
11	33	27	2	1	1
12	24	36	2	1	1
13	28	32	2	1	1
14	27	33	2	1	1
15	33	27	2	1	1
16	23	37	2	1	1
17	26	34	2	1	1
18	28	32	2	1	1
19	29	31	2	1	1
20	30	30	2	1	1
21	23	37	2	1	2
22	30	30	2	1	2
23	28	32	2	1	2
24	27	33	2	1	2
25	22	38	2	1	2
26	21	39	2	1	2
27	30	30	2	1	2
28	30	30	2	1	2
29	33	27	2	1	2
30	26	34	2	1	2
31	36	24	2	1	1
32	32	28	2	1	1
33	30	30	2	1	1
34	28	32	2	1	1
35	24	36	2	1	1
36	25	35	2	1	1
37	27	33	2	1	1
38	26	34	2	1	1
39	28	32	2	1	1
40	26	34	2	1	1
41	28	32	2	0	2
42	30	30	2	0	2
43	20	40	2	0	2
44	23	37	2	0	2
45	27	33	2	0	2
46	20	40	2	0	2
47	17	43	2	0	2
48	25	35	2	0	2
49	18	42	2	0	2
50	20	40	2	0	2
