mutation_id	ref_counts	var_counts	normal_cn	minor_cn	major_cn
1	26	34	2	1	1
2	30	30	2	1	1
3	33	27	2	1	1
4	30	30	2	1	1
5	28	32	2	1	1
6	28	32	2	1	1
7	31	29	2	1	1
8	32	28	2	1	1
9	25	35	2	1	1
10	24	36	2	1	1
11	31	29	2	1	1
12	27	33	2	1	1
13	26	34	2	1	1
14	32	28	2	1	1
15	24	36	2	1	1
16	25	35	2	1	1
17	25	35	2	1	1
18	31	29	2	1	1
19	22	38	2	1	1
20	32	28	2	1	1
21	26	34	2	1	2
22	28	32	2	1	2
23	27	33	2	1	2
24	25	35	2	1	2
25	23	37	2	1	2
26	24	36	2	1	2
27	31	29	2	1	2
28	23	37	2	1	2
29	23	37	2	1	2
30	26	34	2	1	2
31	28	32	2	1	1
32	32	28	2	1	1
33	27	33	2	1	1
34	27	33	2	1	1
35	30	30	2	1	1
36	31	29	2	1	1
37	27	33	2	1	1
38	33	27	2	1	1
39	25	35	2	1	1
40	25	35	2	1	1
41	29	31	2	0	2
42	31	29	2	0	2
43	27	33	2	0	2
44	18	42	2	0	2
45	23	37	2	0	2
46	26	34	2	0	2
47	19	41	2	0	2
48	17	43	2	0	2
49	22	38	2	0	2
50	26	34	2	0	2
