mutation_id	ref_counts	var_counts	normal_cn	minor_cn	major_cn
1	526	474	2	1	1
2	484	516	2	1	1
3	497	503	2	1	1
4	472	528	2	1	1
5	502	498	2	1	1
6	507	493	2	1	1
7	481	519	2	1	1
8	529	471	2	1	1
9	495	505	2	1	1
10	489	511	2	1	1
11	496	504	2	1	1
12	515	485	2	1	1
13	520	480	2	1	1
14	480	520	2	1	1
15	522	478	2	1	1
16	510	490	2	1	1
17	509	491	2	1	1
18	463	537	2	1	1
19	497	503	2	1	1
20	520	480	2	1	1
21	535	465	2	1	1
22	515	485	2	1	1
23	487	513	2	1	1
24	507	493	2	1	1
25	512	488	2	1	1
26	501	499	2	1	1
27	494	506	2	1	1
28	511	489	2	1	1
29	478	522	2	1	1
30	486	514	2	1	1
31	502	498	2	1	1
32	496	504	2	1	1
33	512	488	2	1	1
34	502	498	2	1	1
35	495	505	2	1	1
36	493	507	2	1	1
37	505	495	2	1	1
38	501	499	2	1	1
39	469	531	2	1	1
40	495	505	2	1	1
41	419	581	2	1	2
42	415	585	2	1	2
43	431	569	2	1	2
44	407	593	2	1	2
45	400	600	2	1	2
46	409	591	2	1	2
47	444	556	2	1	2
48	429	571	2	1	2
49	413	587	2	1	2
50	437	563	2	1	2
51	436	564	2	1	2
52	448	552	2	1	2
53	439	561	2	1	2
54	451	549	2	1	2
55	442	558	2	1	2
56	439	561	2	1	2
57	435	565	2	1	2
58	446	554	2	1	2
59	472	528	2	1	2
60	433	567	2	1	2
61	489	511	2	1	1
62	510	490	2	1	1
63	507	493	2	1	1
64	513	487	2	1	1
65	513	487	2	1	1
66	504	496	2	1	1
67	486	514	2	1	1
68	508	492	2	1	1
69	492	508	2	1	1
70	534	466	2	1	1
71	506	494	2	1	1
72	501	499	2	1	1
73	500	500	2	1	1
74	489	511	2	1	1
75	521	479	2	1	1
76	510	490	2	1	1
77	484	516	2	1	1
78	501	499	2	1	1
79	484	516	2	1	1
80	515	485	2	1	1
81	398	602	2	0	2
82	397	603	2	0	2
83	425	575	2	0	2
84	395	605	2	0	2
85	415	585	2	0	2
86	407	593	2	0	2
87	387	613	2	0	2
88	394	606	2	0	2
89	384	616	2	0	2
90	417	583	2	0	2
91	426	574	2	0	2
92	390	610	2	0	2
93	379	621	2	0	2
94	396	604	2	0	2
95	397	603	2	0	2
96	396	604	2	0	2
97	400	600	2	0	2
98	421	579	2	0	2
99	379	621	2	0	2
100	401	599	2	0	2
