mutation_id	ref_counts	var_counts	normal_cn	minor_cn	major_cn
1	17	13	2	1	1
2	16	14	2	1	1
3	19	11	2	1	1
4	15	15	2	1	1
5	18	12	2	1	1
6	14	16	2	1	1
7	23	7	2	1	1
8	18	12	2	1	1
9	16	14	2	1	1
10	16	14	2	1	1
11	15	15	2	1	1
12	16	14	2	1	1
13	17	13	2	1	1
14	12	18	2	1	1
15	18	12	2	1	1
16	16	14	2	1	1
17	16	14	2	1	1
18	18	12	2	1	1
19	17	13	2	1	1
20	14	16	2	1	1
21	15	15	2	1	1
22	15	15	2	1	1
23	15	15	2	1	1
24	12	18	2	1	1
25	14	16	2	1	1
26	16	14	2	1	1
27	13	17	2	1	1
28	15	15	2	1	1
29	18	12	2	1	1
30	14	16	2	1	1
31	20	10	2	1	1
32	16	14	2	1	1
33	12	18	2	1	1
34	14	16	2	1	1
35	13	17	2	1	1
36	16	14	2	1	1
37	12	18	2	1	1
38	15	15	2	1	1
39	17	13	2	1	1
40	18	12	2	1	1
41	17	13	2	1	2
42	12	18	2	1	2
43	15	15	2	1	2
44	14	16	2	1	2
45	16	14	2	1	2
46	8	22	2	1	2
47	10	20	2	1	2
48	11	19	2	1	2
49	13	17	2	1	2
50	13	17	2	1	2
51	16	14	2	1	2
52	16	14	2	1	2
53	10	20	2	1	2
54	14	16	2	1	2
55	19	11	2	1	2
56	15	15	2	1	2
57	12	18	2	1	2
58	9	21	2	1	2
59	17	13	2	1	2
60	11	19	2	1	2
61	13	17	2	1	1
62	18	12	2	1	1
63	15	15	2	1	1
64	18	12	2	1	1
65	20	10	2	1	1
66	11	19	2	1	1
67	15	15	2	1	1
68	11	19	2	1	1
69	12	18	2	1	1
70	16	14	2	1	1
71	16	14	2	1	1
72	17	13	2	1	1
73	19	11	2	1	1
74	15	15	2	1	1
75	11	19	2	1	1
76	13	17	2	1	1
77	12	18	2	1	1
78	11	19	2	1	1
79	13	17	2	1	1
80	10	20	2	1	1
81	13	17	2	0	2
82	12	18	2	0	2
83	12	18	2	0	2
84	11	19	2	0	2
85	16	14	2	0	2
86	15	15	2	0	2
87	10	20	2	0	2
88	14	16	2	0	2
89	13	17	2	0	2
90	13	17	2	0	2
91	10	20	2	0	2
92	14	16	2	0	2
93	13	17	2	0	2
94	9	21	2	0	2
95	8	22	2	0	2
96	10	20	2	0	2
97	10	20	2	0	2
98	13	17	2	0	2
99	9	21	2	0	2
100	10	20	2	0	2
