mutation_id	ref_counts	var_counts	normal_cn	minor_cn	major_cn
1	507	493	2	1	1
2	528	472	2	1	1
3	503	497	2	1	1
4	513	487	2	1	1
5	520	480	2	1	1
6	502	498	2	1	1
7	499	501	2	1	1
8	494	506	2	1	1
9	491	509	2	1	1
10	523	477	2	1	1
11	513	487	2	1	1
12	499	501	2	1	1
13	518	482	2	1	1
14	479	521	2	1	1
15	496	504	2	1	1
16	531	469	2	1	1
17	536	464	2	1	1
18	517	483	2	1	1
19	491	509	2	1	1
20	479	521	2	1	1
21	437	563	2	1	2
22	445	555	2	1	2
23	423	577	2	1	2
24	441	559	2	1	2
25	451	549	2	1	2
26	433	567	2	1	2
27	451	549	2	1	2
28	420	580	2	1	2
29	425	575	2	1	2
30	420	580	2	1	2
31	498	502	2	1	1
32	513	487	2	1	1
33	502	498	2	1	1
34	496	504	2	1	1
35	524	476	2	1	1
36	483	517	2	1	1
37	513	487	2	1	1
38	506	494	2	1	1
39	502	498	2	1	1
40	505	495	2	1	1
41	383	617	2	0	2
42	366	634	2	0	2
43	411	589	2	0	2
44	400	600	2	0	2
45	384	616	2	0	2
46	387	613	2	0	2
47	410	590	2	0	2
48	392	608	2	0	2
49	427	573	2	0	2
50	412	588	2	0	2
