mutation_id	ref_counts	var_counts	normal_cn	minor_cn	major_cn
1	31	29	2	1	1
2	30	30	2	1	1
3	29	31	2	1	1
4	33	27	2	1	1
5	27	33	2	1	1
6	25	35	2	1	1
7	35	25	2	1	1
8	27	33	2	1	1
9	32	28	2	1	1
10	37	23	2	1	1
11	25	35	2	1	1
12	35	25	2	1	1
13	31	29	2	1	1
14	32	28	2	1	1
15	33	27	2	1	1
16	29	31	2	1	1
17	28	32	2	1	1
18	36	24	2	1	1
19	31	29	2	1	1
20	28	32	2	1	1
21	24	36	2	1	1
22	26	34	2	1	1
23	33	27	2	1	1
24	31	29	2	1	1
25	40	20	2	1	1
26	33	27	2	1	1
27	38	22	2	1	1
28	31	29	2	1	1
29	27	33	2	1	1
30	29	31	2	1	1
31	28	32	2	1	1
32	33	27	2	1	1
33	28	32	2	1	1
34	29	31	2	1	1
35	26	34	2	1	1
36	35	25	2	1	1
37	32	28	2	1	1
38	33	27	2	1	1
39	28	32	2	1	1
40	23	37	2	1	1
41	19	41	2	1	2
42	33	27	2	1	2
43	32	28	2	1	2
44	24	36	2	1	2
45	26	34	2	1	2
46	23	37	2	1	2
47	24	36	2	1	2
48	25	35	2	1	2
49	25	35	2	1	2
50	30	30	2	1	2
51	27	33	2	1	2
52	27	33	2	1	2
53	24	36	2	1	2
54	23	37	2	1	2
55	22	38	2	1	2
56	26	34	2	1	2
57	31	29	2	1	2
58	28	32	2	1	2
59	19	41	2	1	2
60	26	34	2	1	2
61	28	32	2	1	1
62	30	30	2	1	1
63	35	25	2	1	1
64	29	31	2	1	1
65	28	32	2	1	1
66	34	26	2	1	1
67	31	29	2	1	1
68	31	29	2	1	1
69	36	24	2	1	1
70	27	33	2	1	1
71	22	38	2	1	1
72	28	32	2	1	1
73	34	26	2	1	1
74	33	27	2	1	1
75	35	25	2	1	1
76	29	31	2	1	1
77	29	31	2	1	1
78	30	30	2	1	1
79	31	29	2	1	1
80	30	30	2	1	1
81	24	36	2	0	2
82	24	36	2	0	2
83	17	43	2	0	2
84	29	31	2	0	2
85	26	34	2	0	2
86	28	32	2	0	2
87	22	38	2	0	2
88	21	39	2	0	2
89	22	38	2	0	2
90	25	35	2	0	2
91	26	34	2	0	2
92	25	35	2	0	2
93	26	34	2	0	2
94	26	34	2	0	2
95	24	36	2	0	2
96	24	36	2	0	2
97	25	35	2	0	2
98	29	31	2	0	2
99	22	38	2	0	2
100	33	27	2	0	2
