mutation_id	ref_counts	var_counts	normal_cn	minor_cn	major_cn
1	17	13	2	1	1
2	17	13	2	1	1
3	15	15	2	1	1
4	15	15	2	1	1
5	12	18	2	1	1
6	10	20	2	1	1
7	14	16	2	1	1
8	14	16	2	1	1
9	14	16	2	1	1
10	14	16	2	1	1
11	15	15	2	1	1
12	10	20	2	1	1
13	13	17	2	1	1
14	8	22	2	1	1
15	15	15	2	1	1
16	10	20	2	1	1
17	15	15	2	1	1
18	14	16	2	1	1
19	15	15	2	1	1
20	15	15	2	1	1
21	14	16	2	1	2
22	13	17	2	1	2
23	12	18	2	1	2
24	14	16	2	1	2
25	13	17	2	1	2
26	14	16	2	1	2
27	13	17	2	1	2
28	17	13	2	1	2
29	13	17	2	1	2
30	7	23	2	1	2
31	16	14	2	1	1
32	19	11	2	1	1
33	14	16	2	1	1
34	16	14	2	1	1
35	17	13	2	1	1
36	18	12	2	1	1
37	12	18	2	1	1
38	15	15	2	1	1
39	14	16	2	1	1
40	14	16	2	1	1
41	13	17	2	0	2
42	12	18	2	0	2
43	14	16	2	0	2
44	11	19	2	0	2
45	11	19	2	0	2
46	15	15	2	0	2
47	17	13	2	0	2
48	13	17	2	0	2
49	8	22	2	0	2
50	12	18	2	0	2
