mutation_id	ref_counts	var_counts	normal_cn	minor_cn	major_cn
1	14	16	2	1	1
2	8	22	2	1	1
3	16	14	2	1	1
4	12	18	2	1	1
5	10	20	2	1	1
6	16	14	2	1	1
7	16	14	2	1	1
8	19	11	2	1	1
9	17	13	2	1	1
10	13	17	2	1	1
11	19	11	2	1	1
12	21	9	2	1	1
13	12	18	2	1	1
14	14	16	2	1	1
15	20	10	2	1	1
16	10	20	2	1	1
17	18	12	2	1	1
18	20	10	2	1	1
19	13	17	2	1	1
20	17	13	2	1	1
21	17	13	2	1	1
22	12	18	2	1	1
23	16	14	2	1	1
24	19	11	2	1	1
25	12	18	2	1	1
26	13	17	2	1	1
27	15	15	2	1	1
28	18	12	2	1	1
29	9	21	2	1	1
30	16	14	2	1	1
31	17	13	2	1	1
32	9	21	2	1	1
33	13	17	2	1	1
34	16	14	2	1	1
35	21	9	2	1	1
36	14	16	2	1	1
37	13	17	2	1	1
38	18	12	2	1	1
39	15	15	2	1	1
40	14	16	2	1	1
41	11	19	2	1	2
42	17	13	2	1	2
43	12	18	2	1	2
44	14	16	2	1	2
45	17	13	2	1	2
46	16	14	2	1	2
47	13	17	2	1	2
48	8	22	2	1	2
49	11	19	2	1	2
50	11	19	2	1	2
51	17	13	2	1	2
52	16	14	2	1	2
53	14	16	2	1	2
54	11	19	2	1	2
55	14	16	2	1	2
56	14	16	2	1	2
57	10	20	2	1	2
58	16	14	2	1	2
59	8	22	2	1	2
60	17	13	2	1	2
61	17	13	2	1	1
62	16	14	2	1	1
63	16	14	2	1	1
64	11	19	2	1	1
65	14	16	2	1	1
66	11	19	2	1	1
67	18	12	2	1	1
68	12	18	2	1	1
69	15	15	2	1	1
70	16	14	2	1	1
71	21	9	2	1	1
72	14	16	2	1	1
73	21	9	2	1	1
74	15	15	2	1	1
75	19	11	2	1	1
76	18	12	2	1	1
77	15	15	2	1	1
78	14	16	2	1	1
79	14	16	2	1	1
80	13	17	2	1	1
81	14	16	2	0	2
82	16	14	2	0	2
83	18	12	2	0	2
84	15	15	2	0	2
85	14	16	2	0	2
86	11	19	2	0	2
87	11	19	2	0	2
88	7	23	2	0	2
89	12	18	2	0	2
90	9	21	2	0	2
91	12	18	2	0	2
92	18	12	2	0	2
93	12	18	2	0	2
94	15	15	2	0	2
95	10	20	2	0	2
96	12	18	2	0	2
97	12	18	2	0	2
98	13	17	2	0	2
99	14	16	2	0	2
100	15	15	2	0	2
