mutation_id	ref_counts	var_counts	normal_cn	minor_cn	major_cn
1	49	71	2	1	1
2	61	59	2	1	1
3	55	65	2	1	1
4	58	62	2	1	1
5	59	61	2	1	1
6	55	65	2	1	1
7	65	55	2	1	1
8	61	59	2	1	1
9	69	51	2	1	1
10	66	54	2	1	1
11	60	60	2	1	1
12	59	61	2	1	1
13	68	52	2	1	1
14	63	57	2	1	1
15	60	60	2	1	1
16	60	60	2	1	1
17	57	63	2	1	1
18	62	58	2	1	1
19	54	66	2	1	1
20	68	52	2	1	1
21	58	62	2	1	1
22	55	65	2	1	1
23	63	57	2	1	1
24	59	61	2	1	1
25	60	60	2	1	1
26	66	54	2	1	1
27	58	62	2	1	1
28	68	52	2	1	1
29	67	53	2	1	1
30	63	57	2	1	1
31	50	70	2	1	1
32	61	59	2	1	1
33	58	62	2	1	1
34	62	58	2	1	1
35	63	57	2	1	1
36	60	60	2	1	1
37	59	61	2	1	1
38	63	57	2	1	1
39	61	59	2	1	1
40	61	59	2	1	1
41	57	63	2	1	2
42	49	71	2	1	2
43	53	67	2	1	2
44	54	66	2	1	2
45	47	73	2	1	2
46	51	69	2	1	2
47	47	73	2	1	2
48	64	56	2	1	2
49	46	74	2	1	2
50	51	69	2	1	2
51	53	67	2	1	2
52	54	66	2	1	2
53	55	65	2	1	2
54	50	70	2	1	2
55	45	75	2	1	2
56	54	66	2	1	2
57	56	64	2	1	2
58	49	71	2	1	2
59	49	71	2	1	2
60	53	67	2	1	2
61	64	56	2	1	1
62	56	64	2	1	1
63	58	62	2	1	1
64	62	58	2	1	1
65	50	70	2	1	1
66	73	47	2	1	1
67	62	58	2	1	1
68	59	61	2	1	1
69	64	56	2	1	1
70	64	56	2	1	1
71	55	65	2	1	1
72	65	55	2	1	1
73	65	55	2	1	1
74	52	68	2	1	1
75	65	55	2	1	1
76	69	51	2	1	1
77	60	60	2	1	1
78	62	58	2	1	1
79	57	63	2	1	1
80	64	56	2	1	1
81	58	62	2	0	2
82	43	77	2	0	2
83	47	73	2	0	2
84	45	75	2	0	2
85	42	78	2	0	2
86	55	65	2	0	2
87	49	71	2	0	2
88	50	70	2	0	2
89	47	73	2	0	2
90	41	79	2	0	2
91	46	74	2	0	2
92	58	62	2	0	2
93	48	72	2	0	2
94	45	75	2	0	2
95	44	76	2	0	2
96	49	71	2	0	2
97	38	82	2	0	2
98	46	74	2	0	2
99	44	76	2	0	2
100	49	71	2	0	2
