mutation_id	ref_counts	var_counts	normal_cn	minor_cn	major_cn
1	16	14	2	1	1
2	18	12	2	1	1
3	18	12	2	1	1
4	16	14	2	1	1
5	17	13	2	1	1
6	16	14	2	1	1
7	17	13	2	1	1
8	11	19	2	1	1
9	15	15	2	1	1
10	17	13	2	1	1
11	20	10	2	1	1
12	17	13	2	1	1
13	17	13	2	1	1
14	14	16	2	1	1
15	14	16	2	1	1
16	15	15	2	1	1
17	14	16	2	1	1
18	18	12	2	1	1
19	12	18	2	1	1
20	15	15	2	1	1
21	11	19	2	1	2
22	12	18	2	1	2
23	9	21	2	1	2
24	16	14	2	1	2
25	15	15	2	1	2
26	16	14	2	1	2
27	17	13	2	1	2
28	14	16	2	1	2
29	13	17	2	1	2
30	13	17	2	1	2
31	20	10	2	1	1
32	14	16	2	1	1
33	14	16	2	1	1
34	11	19	2	1	1
35	14	16	2	1	1
36	15	15	2	1	1
37	17	13	2	1	1
38	10	20	2	1	1
39	14	16	2	1	1
40	12	18	2	1	1
41	12	18	2	0	2
42	14	16	2	0	2
43	8	22	2	0	2
44	8	22	2	0	2
45	11	19	2	0	2
46	11	19	2	0	2
47	14	16	2	0	2
48	9	21	2	0	2
49	14	16	2	0	2
50	12	18	2	0	2
