mutation_id	ref_counts	var_counts	normal_cn	minor_cn	major_cn
1	14	16	2	1	1
2	15	15	2	1	1
3	14	16	2	1	1
4	15	15	2	1	1
5	15	15	2	1	1
6	13	17	2	1	1
7	16	14	2	1	1
8	14	16	2	1	1
9	17	13	2	1	1
10	16	14	2	1	1
11	16	14	2	1	1
12	17	13	2	1	1
13	15	15	2	1	1
14	15	15	2	1	1
15	14	16	2	1	1
16	16	14	2	1	1
17	17	13	2	1	1
18	12	18	2	1	1
19	15	15	2	1	1
20	13	17	2	1	1
21	19	11	2	1	1
22	12	18	2	1	1
23	17	13	2	1	1
24	12	18	2	1	1
25	12	18	2	1	1
26	17	13	2	1	1
27	21	9	2	1	1
28	9	21	2	1	1
29	11	19	2	1	1
30	18	12	2	1	1
31	15	15	2	1	1
32	9	21	2	1	1
33	15	15	2	1	1
34	17	13	2	1	1
35	9	21	2	1	1
36	16	14	2	1	1
37	19	11	2	1	1
38	17	13	2	1	1
39	16	14	2	1	1
40	17	13	2	1	1
41	11	19	2	1	2
42	9	21	2	1	2
43	14	16	2	1	2
44	9	21	2	1	2
45	16	14	2	1	2
46	10	20	2	1	2
47	13	17	2	1	2
48	10	20	2	1	2
49	13	17	2	1	2
50	12	18	2	1	2
51	9	21	2	1	2
52	7	23	2	1	2
53	16	14	2	1	2
54	14	16	2	1	2
55	12	18	2	1	2
56	12	18	2	1	2
57	8	22	2	1	2
58	17	13	2	1	2
59	12	18	2	1	2
60	13	17	2	1	2
61	19	11	2	1	1
62	12	18	2	1	1
63	14	16	2	1	1
64	15	15	2	1	1
65	15	15	2	1	1
66	15	15	2	1	1
67	12	18	2	1	1
68	16	14	2	1	1
69	13	17	2	1	1
70	14	16	2	1	1
71	18	12	2	1	1
72	18	12	2	1	1
73	17	13	2	1	1
74	15	15	2	1	1
75	12	18	2	1	1
76	14	16	2	1	1
77	19	11	2	1	1
78	11	19	2	1	1
79	14	16	2	1	1
80	16	14	2	1	1
81	16	14	2	0	2
82	8	22	2	0	2
83	13	17	2	0	2
84	16	14	2	0	2
85	15	15	2	0	2
86	8	22	2	0	2
87	11	19	2	0	2
88	14	16	2	0	2
89	8	22	2	0	2
90	13	17	2	0	2
91	15	15	2	0	2
92	10	20	2	0	2
93	11	19	2	0	2
94	15	15	2	0	2
95	8	22	2	0	2
96	12	18	2	0	2
97	11	19	2	0	2
98	13	17	2	0	2
99	12	18	2	0	2
100	15	15	2	0	2
