mutation_id	ref_counts	var_counts	normal_cn	minor_cn	major_cn
1	52	68	2	1	1
2	60	60	2	1	1
3	63	57	2	1	1
4	58	62	2	1	1
5	53	67	2	1	1
6	69	51	2	1	1
7	64	56	2	1	1
8	50	70	2	1	1
9	52	68	2	1	1
10	59	61	2	1	1
11	60	60	2	1	1
12	65	55	2	1	1
13	68	52	2	1	1
14	61	59	2	1	1
15	56	64	2	1	1
16	61	59	2	1	1
17	62	58	2	1	1
18	60	60	2	1	1
19	70	50	2	1	1
20	59	61	2	1	1
21	66	54	2	1	1
22	56	64	2	1	1
23	57	63	2	1	1
24	52	68	2	1	1
25	73	47	2	1	1
26	51	69	2	1	1
27	65	55	2	1	1
28	54	66	2	1	1
29	62	58	2	1	1
30	62	58	2	1	1
31	48	72	2	1	1
32	59	61	2	1	1
33	62	58	2	1	1
34	60	60	2	1	1
35	61	59	2	1	1
36	56	64	2	1	1
37	61	59	2	1	1
38	55	65	2	1	1
39	59	61	2	1	1
40	62	58	2	1	1
41	51	69	2	1	2
42	50	70	2	1	2
43	53	67	2	1	2
44	62	58	2	1	2
45	51	69	2	1	2
46	50	70	2	1	2
47	52	68	2	1	2
48	52	68	2	1	2
49	58	62	2	1	2
50	50	70	2	1	2
51	52	68	2	1	2
52	58	62	2	1	2
53	52	68	2	1	2
54	61	59	2	1	2
55	54	66	2	1	2
56	57	63	2	1	2
57	58	62	2	1	2
58	59	61	2	1	2
59	55	65	2	1	2
60	40	80	2	1	2
61	56	64	2	1	1
62	58	62	2	1	1
63	69	51	2	1	1
64	50	70	2	1	1
65	54	66	2	1	1
66	60	60	2	1	1
67	54	66	2	1	1
68	65	55	2	1	1
69	60	60	2	1	1
70	59	61	2	1	1
71	66	54	2	1	1
72	53	67	2	1	1
73	60	60	2	1	1
74	58	62	2	1	1
75	59	61	2	1	1
76	53	67	2	1	1
77	70	50	2	1	1
78	62	58	2	1	1
79	69	51	2	1	1
80	57	63	2	1	1
81	44	76	2	0	2
82	50	70	2	0	2
83	41	79	2	0	2
84	62	58	2	0	2
85	43	77	2	0	2
86	42	78	2	0	2
87	49	71	2	0	2
88	43	77	2	0	2
89	53	67	2	0	2
90	41	79	2	0	2
91	53	67	2	0	2
92	48	72	2	0	2
93	47	73	2	0	2
94	56	64	2	0	2
95	53	67	2	0	2
96	50	70	2	0	2
97	55	65	2	0	2
98	55	65	2	0	2
99	42	78	2	0	2
100	53	67	2	0	2
