mutation_id	ref_counts	var_counts	normal_cn	minor_cn	major_cn
1	504	496	2	1	1
2	491	509	2	1	1
3	520	480	2	1	1
4	513	487	2	1	1
5	475	525	2	1	1
6	541	459	2	1	1
7	506	494	2	1	1
8	509	491	2	1	1
9	485	515	2	1	1
10	515	485	2	1	1
11	512	488	2	1	1
12	543	457	2	1	1
13	495	505	2	1	1
14	506	494	2	1	1
15	498	502	2	1	1
16	490	510	2	1	1
17	507	493	2	1	1
18	516	484	2	1	1
19	481	519	2	1	1
20	497	503	2	1	1
21	506	494	2	1	1
22	508	492	2	1	1
23	492	508	2	1	1
24	523	477	2	1	1
25	526	474	2	1	1
26	495	505	2	1	1
27	503	497	2	1	1
28	482	518	2	1	1
29	506	494	2	1	1
30	482	518	2	1	1
31	512	488	2	1	1
32	517	483	2	1	1
33	536	464	2	1	1
34	486	514	2	1	1
35	504	496	2	1	1
36	509	491	2	1	1
37	465	535	2	1	1
38	546	454	2	1	1
39	531	469	2	1	1
40	512	488	2	1	1
41	443	557	2	1	2
42	418	582	2	1	2
43	420	580	2	1	2
44	431	569	2	1	2
45	433	567	2	1	2
46	454	546	2	1	2
47	428	572	2	1	2
48	436	564	2	1	2
49	454	546	2	1	2
50	458	542	2	1	2
51	443	557	2	1	2
52	435	565	2	1	2
53	465	535	2	1	2
54	453	547	2	1	2
55	433	567	2	1	2
56	439	561	2	1	2
57	407	593	2	1	2
58	445	555	2	1	2
59	424	576	2	1	2
60	427	573	2	1	2
61	515	485	2	1	1
62	510	490	2	1	1
63	523	477	2	1	1
64	477	523	2	1	1
65	506	494	2	1	1
66	531	469	2	1	1
67	509	491	2	1	1
68	496	504	2	1	1
69	487	513	2	1	1
70	512	488	2	1	1
71	524	476	2	1	1
72	468	532	2	1	1
73	477	523	2	1	1
74	504	496	2	1	1
75	503	497	2	1	1
76	518	482	2	1	1
77	499	501	2	1	1
78	518	482	2	1	1
79	490	510	2	1	1
80	491	509	2	1	1
81	402	598	2	0	2
82	389	611	2	0	2
83	417	583	2	0	2
84	412	588	2	0	2
85	395	605	2	0	2
86	363	637	2	0	2
87	431	569	2	0	2
88	414	586	2	0	2
89	412	588	2	0	2
90	406	594	2	0	2
91	390	610	2	0	2
92	402	598	2	0	2
93	402	598	2	0	2
94	415	585	2	0	2
95	402	598	2	0	2
96	427	573	2	0	2
97	414	586	2	0	2
98	403	597	2	0	2
99	407	593	2	0	2
100	409	591	2	0	2
