mutation_id	ref_counts	var_counts	normal_cn	minor_cn	major_cn
1	29	31	2	1	1
2	25	35	2	1	1
3	28	32	2	1	1
4	31	29	2	1	1
5	29	31	2	1	1
6	32	28	2	1	1
7	31	29	2	1	1
8	25	35	2	1	1
9	35	25	2	1	1
10	28	32	2	1	1
11	27	33	2	1	1
12	35	25	2	1	1
13	37	23	2	1	1
14	29	31	2	1	1
15	31	29	2	1	1
16	29	31	2	1	1
17	32	28	2	1	1
18	32	28	2	1	1
19	28	32	2	1	1
20	26	34	2	1	1
21	34	26	2	1	1
22	34	26	2	1	1
23	38	22	2	1	1
24	25	35	2	1	1
25	30	30	2	1	1
26	33	27	2	1	1
27	34	26	2	1	1
28	27	33	2	1	1
29	28	32	2	1	1
30	33	27	2	1	1
31	23	37	2	1	1
32	32	28	2	1	1
33	33	27	2	1	1
34	34	26	2	1	1
35	31	29	2	1	1
36	32	28	2	1	1
37	28	32	2	1	1
38	32	28	2	1	1
39	24	36	2	1	1
40	31	29	2	1	1
41	23	37	2	1	2
42	30	30	2	1	2
43	33	27	2	1	2
44	22	38	2	1	2
45	30	30	2	1	2
46	31	29	2	1	2
47	30	30	2	1	2
48	19	41	2	1	2
49	23	37	2	1	2
50	25	35	2	1	2
51	26	34	2	1	2
52	22	38	2	1	2
53	36	24	2	1	2
54	27	33	2	1	2
55	25	35	2	1	2
56	21	39	2	1	2
57	32	28	2	1	2
58	26	34	2	1	2
59	28	32	2	1	2
60	34	26	2	1	2
61	32	28	2	1	1
62	34	26	2	1	1
63	26	34	2	1	1
64	28	32	2	1	1
65	37	23	2	1	1
66	31	29	2	1	1
67	34	26	2	1	1
68	29	31	2	1	1
69	22	38	2	1	1
70	36	24	2	1	1
71	29	31	2	1	1
72	34	26	2	1	1
73	32	28	2	1	1
74	27	33	2	1	1
75	35	25	2	1	1
76	29	31	2	1	1
77	28	32	2	1	1
78	38	22	2	1	1
79	27	33	2	1	1
80	30	30	2	1	1
81	22	38	2	0	2
82	25	35	2	0	2
83	28	32	2	0	2
84	27	33	2	0	2
85	28	32	2	0	2
86	21	39	2	0	2
87	23	37	2	0	2
88	24	36	2	0	2
89	29	31	2	0	2
90	26	34	2	0	2
91	28	32	2	0	2
92	17	43	2	0	2
93	22	38	2	0	2
94	20	40	2	0	2
95	25	35	2	0	2
96	20	40	2	0	2
97	29	31	2	0	2
98	25	35	2	0	2
99	31	29	2	0	2
100	28	32	2	0	2
