mutation_id	ref_counts	var_counts	normal_cn	minor_cn	major_cn
1	31	29	2	1	1
2	37	23	2	1	1
3	32	28	2	1	1
4	31	29	2	1	1
5	29	31	2	1	1
6	34	26	2	1	1
7	33	27	2	1	1
8	32	28	2	1	1
9	27	33	2	1	1
10	24	36	2	1	1
11	30	30	2	1	1
12	25	35	2	1	1
13	30	30	2	1	1
14	29	31	2	1	1
15	21	39	2	1	1
16	33	27	2	1	1
17	30	30	2	1	1
18	32	28	2	1	1
19	28	32	2	1	1
20	25	35	2	1	1
21	30	30	2	1	2
22	31	29	2	1	2
23	21	39	2	1	2
24	31	29	2	1	2
25	28	32	2	1	2
26	27	33	2	1	2
27	33	27	2	1	2
28	31	29	2	1	2
29	30	30	2	1	2
30	30	30	2	1	2
31	27	33	2	1	1
32	31	29	2	1	1
33	27	33	2	1	1
34	24	36	2	1	1
35	32	28	2	1	1
36	32	28	2	1	1
37	25	35	2	1	1
38	29	31	2	1	1
39	31	29	2	1	1
40	35	25	2	1	1
41	26	34	2	0	2
42	21	39	2	0	2
43	25	35	2	0	2
44	22	38	2	0	2
45	23	37	2	0	2
46	22	38	2	0	2
47	26	34	2	0	2
48	25	35	2	0	2
49	24	36	2	0	2
50	22	38	2	0	2
