mutation_id	ref_counts	var_counts	normal_cn	minor_cn	major_cn
1	55	65	2	1	1
2	62	58	2	1	1
3	59	61	2	1	1
4	61	59	2	1	1
5	60	60	2	1	1
6	62	58	2	1	1
7	68	52	2	1	1
8	73	47	2	1	1
9	64	56	2	1	1
10	51	69	2	1	1
11	61	59	2	1	1
12	64	56	2	1	1
13	58	62	2	1	1
14	65	55	2	1	1
15	62	58	2	1	1
16	54	66	2	1	1
17	68	52	2	1	1
18	59	61	2	1	1
19	52	68	2	1	1
20	57	63	2	1	1
21	58	62	2	1	2
22	43	77	2	1	2
23	57	63	2	1	2
24	54	66	2	1	2
25	55	65	2	1	2
26	57	63	2	1	2
27	64	56	2	1	2
28	46	74	2	1	2
29	53	67	2	1	2
30	52	68	2	1	2
31	50	70	2	1	1
32	69	51	2	1	1
33	69	51	2	1	1
34	63	57	2	1	1
35	55	65	2	1	1
36	62	58	2	1	1
37	63	57	2	1	1
38	77	43	2	1	1
39	61	59	2	1	1
40	54	66	2	1	1
41	44	76	2	0	2
42	54	66	2	0	2
43	39	81	2	0	2
44	56	64	2	0	2
45	51	69	2	0	2
46	42	78	2	0	2
47	41	79	2	0	2
48	47	73	2	0	2
49	50	70	2	0	2
50	49	71	2	0	2
