mutation_id	ref_counts	var_counts	normal_cn	minor_cn	major_cn
1	499	501	2	1	1
2	519	481	2	1	1
3	479	521	2	1	1
4	494	506	2	1	1
5	508	492	2	1	1
6	515	485	2	1	1
7	488	512	2	1	1
8	505	495	2	1	1
9	514	486	2	1	1
10	513	487	2	1	1
11	506	494	2	1	1
12	480	520	2	1	1
13	514	486	2	1	1
14	519	481	2	1	1
15	494	506	2	1	1
16	505	495	2	1	1
17	499	501	2	1	1
18	487	513	2	1	1
19	526	474	2	1	1
20	495	505	2	1	1
21	432	568	2	1	2
22	442	558	2	1	2
23	448	552	2	1	2
24	433	567	2	1	2
25	448	552	2	1	2
26	427	573	2	1	2
27	421	579	2	1	2
28	427	573	2	1	2
29	425	575	2	1	2
30	455	545	2	1	2
31	517	483	2	1	1
32	499	501	2	1	1
33	489	511	2	1	1
34	490	510	2	1	1
35	516	484	2	1	1
36	506	494	2	1	1
37	493	507	2	1	1
38	514	486	2	1	1
39	489	511	2	1	1
40	502	498	2	1	1
41	408	592	2	0	2
42	425	575	2	0	2
43	387	613	2	0	2
44	416	584	2	0	2
45	385	615	2	0	2
46	411	589	2	0	2
47	410	590	2	0	2
48	387	613	2	0	2
49	390	610	2	0	2
50	396	604	2	0	2
