mutation_id	ref_counts	var_counts	normal_cn	minor_cn	major_cn
1	53	67	2	1	1
2	57	63	2	1	1
3	65	55	2	1	1
4	48	72	2	1	1
5	61	59	2	1	1
6	61	59	2	1	1
7	70	50	2	1	1
8	56	64	2	1	1
9	66	54	2	1	1
10	65	55	2	1	1
11	50	70	2	1	1
12	61	59	2	1	1
13	48	72	2	1	1
14	52	68	2	1	1
15	59	61	2	1	1
16	60	60	2	1	1
17	51	69	2	1	1
18	63	57	2	1	1
19	63	57	2	1	1
20	52	68	2	1	1
21	61	59	2	1	1
22	67	53	2	1	1
23	60	60	2	1	1
24	67	53	2	1	1
25	62	58	2	1	1
26	74	46	2	1	1
27	57	63	2	1	1
28	62	58	2	1	1
29	57	63	2	1	1
30	62	58	2	1	1
31	56	64	2	1	1
32	51	69	2	1	1
33	60	60	2	1	1
34	61	59	2	1	1
35	66	54	2	1	1
36	60	60	2	1	1
37	72	48	2	1	1
38	50	70	2	1	1
39	62	58	2	1	1
40	63	57	2	1	1
41	49	71	2	1	2
42	54	66	2	1	2
43	51	69	2	1	2
44	50	70	2	1	2
45	40	80	2	1	2
46	52	68	2	1	2
47	54	66	2	1	2
48	53	67	2	1	2
49	53	67	2	1	2
50	59	61	2	1	2
51	48	72	2	1	2
52	51	69	2	1	2
53	53	67	2	1	2
54	55	65	2	1	2
55	42	78	2	1	2
56	52	68	2	1	2
57	54	66	2	1	2
58	42	78	2	1	2
59	54	66	2	1	2
60	48	72	2	1	2
61	53	67	2	1	1
62	60	60	2	1	1
63	53	67	2	1	1
64	68	52	2	1	1
65	55	65	2	1	1
66	56	64	2	1	1
67	54	66	2	1	1
68	54	66	2	1	1
69	59	61	2	1	1
70	56	64	2	1	1
71	60	60	2	1	1
72	56	64	2	1	1
73	67	53	2	1	1
74	66	54	2	1	1
75	62	58	2	1	1
76	53	67	2	1	1
77	60	60	2	1	1
78	69	51	2	1	1
79	63	57	2	1	1
80	60	60	2	1	1
81	54	66	2	0	2
82	54	66	2	0	2
83	41	79	2	0	2
84	51	69	2	0	2
85	49	71	2	0	2
86	50	70	2	0	2
87	41	79	2	0	2
88	57	63	2	0	2
89	55	65	2	0	2
90	50	70	2	0	2
91	52	68	2	0	2
92	44	76	2	0	2
93	47	73	2	0	2
94	58	62	2	0	2
95	59	61	2	0	2
96	60	60	2	0	2
97	46	74	2	0	2
98	46	74	2	0	2
99	49	71	2	0	2
100	51	69	2	0	2
