mutation_id	ref_counts	var_counts	normal_cn	minor_cn	major_cn
1	499	501	2	1	1
2	491	509	2	1	1
3	491	509	2	1	1
4	499	501	2	1	1
5	509	491	2	1	1
6	508	492	2	1	1
7	466	534	2	1	1
8	482	518	2	1	1
9	498	502	2	1	1
10	487	513	2	1	1
11	512	488	2	1	1
12	510	490	2	1	1
13	531	469	2	1	1
14	488	512	2	1	1
15	510	490	2	1	1
16	510	490	2	1	1
17	514	486	2	1	1
18	473	527	2	1	1
19	503	497	2	1	1
20	484	516	2	1	1
21	479	521	2	1	1
22	503	497	2	1	1
23	532	468	2	1	1
24	483	517	2	1	1
25	491	509	2	1	1
26	512	488	2	1	1
27	533	467	2	1	1
28	503	497	2	1	1
29	485	515	2	1	1
30	515	485	2	1	1
31	507	493	2	1	1
32	511	489	2	1	1
33	486	514	2	1	1
34	498	502	2	1	1
35	517	483	2	1	1
36	498	502	2	1	1
37	495	505	2	1	1
38	505	495	2	1	1
39	518	482	2	1	1
40	497	503	2	1	1
41	444	556	2	1	2
42	422	578	2	1	2
43	393	607	2	1	2
44	443	557	2	1	2
45	449	551	2	1	2
46	427	573	2	1	2
47	418	582	2	1	2
48	435	565	2	1	2
49	428	572	2	1	2
50	443	557	2	1	2
51	437	563	2	1	2
52	428	572	2	1	2
53	406	594	2	1	2
54	459	541	2	1	2
55	435	565	2	1	2
56	457	543	2	1	2
57	439	561	2	1	2
58	455	545	2	1	2
59	451	549	2	1	2
60	427	573	2	1	2
61	487	513	2	1	1
62	491	509	2	1	1
63	493	507	2	1	1
64	522	478	2	1	1
65	501	499	2	1	1
66	505	495	2	1	1
67	473	527	2	1	1
68	508	492	2	1	1
69	491	509	2	1	1
70	526	474	2	1	1
71	505	495	2	1	1
72	517	483	2	1	1
73	514	486	2	1	1
74	491	509	2	1	1
75	520	480	2	1	1
76	529	471	2	1	1
77	516	484	2	1	1
78	491	509	2	1	1
79	495	505	2	1	1
80	489	511	2	1	1
81	421	579	2	0	2
82	402	598	2	0	2
83	396	604	2	0	2
84	411	589	2	0	2
85	410	590	2	0	2
86	422	578	2	0	2
87	387	613	2	0	2
88	417	583	2	0	2
89	404	596	2	0	2
90	405	595	2	0	2
91	423	577	2	0	2
92	376	624	2	0	2
93	438	562	2	0	2
94	396	604	2	0	2
95	404	596	2	0	2
96	366	634	2	0	2
97	404	596	2	0	2
98	405	595	2	0	2
99	403	597	2	0	2
100	397	603	2	0	2
