mutation_id	ref_counts	var_counts	normal_cn	minor_cn	major_cn
1	60	60	2	1	1
2	67	53	2	1	1
3	50	70	2	1	1
4	71	49	2	1	1
5	53	67	2	1	1
6	69	51	2	1	1
7	61	59	2	1	1
8	68	52	2	1	1
9	61	59	2	1	1
10	56	64	2	1	1
11	57	63	2	1	1
12	72	48	2	1	1
13	60	60	2	1	1
14	69	51	2	1	1
15	65	55	2	1	1
16	56	64	2	1	1
17	69	51	2	1	1
18	57	63	2	1	1
19	58	62	2	1	1
20	66	54	2	1	1
21	56	64	2	1	2
22	60	60	2	1	2
23	52	68	2	1	2
24	43	77	2	1	2
25	46	74	2	1	2
26	39	81	2	1	2
27	48	72	2	1	2
28	55	65	2	1	2
29	55	65	2	1	2
30	52	68	2	1	2
31	65	55	2	1	1
32	65	55	2	1	1
33	59	61	2	1	1
34	59	61	2	1	1
35	74	46	2	1	1
36	54	66	2	1	1
37	70	50	2	1	1
38	74	46	2	1	1
39	58	62	2	1	1
40	65	55	2	1	1
41	60	60	2	0	2
42	54	66	2	0	2
43	39	81	2	0	2
44	39	81	2	0	2
45	48	72	2	0	2
46	49	71	2	0	2
47	47	73	2	0	2
48	46	74	2	0	2
49	46	74	2	0	2
50	48	72	2	0	2
