mutation_id	ref_counts	var_counts	normal_cn	minor_cn	major_cn
1	31	29	2	1	1
2	33	27	2	1	1
3	34	26	2	1	1
4	36	24	2	1	1
5	29	31	2	1	1
6	26	34	2	1	1
7	24	36	2	1	1
8	31	29	2	1	1
9	28	32	2	1	1
10	26	34	2	1	1
11	30	30	2	1	1
12	24	36	2	1	1
13	31	29	2	1	1
14	31	29	2	1	1
15	28	32	2	1	1
16	32	28	2	1	1
17	31	29	2	1	1
18	29	31	2	1	1
19	29	31	2	1	1
20	29	31	2	1	1
21	29	31	2	1	2
22	28	32	2	1	2
23	27	33	2	1	2
24	24	36	2	1	2
25	25	35	2	1	2
26	28	32	2	1	2
27	32	28	2	1	2
28	26	34	2	1	2
29	23	37	2	1	2
30	28	32	2	1	2
31	27	33	2	1	1
32	25	35	2	1	1
33	30	30	2	1	1
34	37	23	2	1	1
35	27	33	2	1	1
36	35	25	2	1	1
37	34	26	2	1	1
38	28	32	2	1	1
39	32	28	2	1	1
40	29	31	2	1	1
41	25	35	2	0	2
42	19	41	2	0	2
43	31	29	2	0	2
44	25	35	2	0	2
45	25	35	2	0	2
46	20	40	2	0	2
47	29	31	2	0	2
48	26	34	2	0	2
49	23	37	2	0	2
50	27	33	2	0	2
