mutation_id	ref_counts	var_counts	normal_cn	minor_cn	major_cn
1	31	29	2	1	1
2	28	32	2	1	1
3	29	31	2	1	1
4	25	35	2	1	1
5	32	28	2	1	1
6	27	33	2	1	1
7	36	24	2	1	1
8	34	26	2	1	1
9	33	27	2	1	1
10	27	33	2	1	1
11	34	26	2	1	1
12	29	31	2	1	1
13	34	26	2	1	1
14	29	31	2	1	1
15	26	34	2	1	1
16	27	33	2	1	1
17	28	32	2	1	1
18	33	27	2	1	1
19	32	28	2	1	1
20	28	32	2	1	1
21	34	26	2	1	1
22	32	28	2	1	1
23	32	28	2	1	1
24	30	30	2	1	1
25	21	39	2	1	1
26	33	27	2	1	1
27	29	31	2	1	1
28	29	31	2	1	1
29	30	30	2	1	1
30	31	29	2	1	1
31	21	39	2	1	1
32	33	27	2	1	1
33	30	30	2	1	1
34	21	39	2	1	1
35	33	27	2	1	1
36	33	27	2	1	1
37	30	30	2	1	1
38	30	30	2	1	1
39	29	31	2	1	1
40	31	29	2	1	1
41	25	35	2	1	2
42	21	39	2	1	2
43	21	39	2	1	2
44	29	31	2	1	2
45	30	30	2	1	2
46	30	30	2	1	2
47	30	30	2	1	2
48	34	26	2	1	2
49	28	32	2	1	2
50	33	27	2	1	2
51	38	22	2	1	2
52	27	33	2	1	2
53	25	35	2	1	2
54	28	32	2	1	2
55	26	34	2	1	2
56	20	40	2	1	2
57	25	35	2	1	2
58	26	34	2	1	2
59	26	34	2	1	2
60	32	28	2	1	2
61	34	26	2	1	1
62	28	32	2	1	1
63	32	28	2	1	1
64	28	32	2	1	1
65	30	30	2	1	1
66	31	29	2	1	1
67	32	28	2	1	1
68	32	28	2	1	1
69	33	27	2	1	1
70	21	39	2	1	1
71	33	27	2	1	1
72	33	27	2	1	1
73	26	34	2	1	1
74	22	38	2	1	1
75	23	37	2	1	1
76	36	24	2	1	1
77	25	35	2	1	1
78	23	37	2	1	1
79	34	26	2	1	1
80	30	30	2	1	1
81	17	43	2	0	2
82	23	37	2	0	2
83	19	41	2	0	2
84	22	38	2	0	2
85	24	36	2	0	2
86	21	39	2	0	2
87	28	32	2	0	2
88	21	39	2	0	2
89	21	39	2	0	2
90	24	36	2	0	2
91	24	36	2	0	2
92	22	38	2	0	2
93	23	37	2	0	2
94	28	32	2	0	2
95	14	46	2	0	2
96	21	39	2	0	2
97	22	38	2	0	2
98	19	41	2	0	2
99	24	36	2	0	2
100	22	38	2	0	2
