mutation_id	ref_counts	var_counts	normal_cn	minor_cn	major_cn
1	33	27	2	1	1
2	34	26	2	1	1
3	32	28	2	1	1
4	34	26	2	1	1
5	32	28	2	1	1
6	22	38	2	1	1
7	27	33	2	1	1
8	22	38	2	1	1
9	35	25	2	1	1
10	23	37	2	1	1
11	28	32	2	1	1
12	31	29	2	1	1
13	28	32	2	1	1
14	34	26	2	1	1
15	31	29	2	1	1
16	30	30	2	1	1
17	33	27	2	1	1
18	35	25	2	1	1
19	33	27	2	1	1
20	29	31	2	1	1
21	27	33	2	1	1
22	22	38	2	1	1
23	32	28	2	1	1
24	32	28	2	1	1
25	27	33	2	1	1
26	24	36	2	1	1
27	29	31	2	1	1
28	24	36	2	1	1
29	30	30	2	1	1
30	33	27	2	1	1
31	34	26	2	1	1
32	27	33	2	1	1
33	34	26	2	1	1
34	30	30	2	1	1
35	30	30	2	1	1
36	32	28	2	1	1
37	37	23	2	1	1
38	24	36	2	1	1
39	30	30	2	1	1
40	22	38	2	1	1
41	23	37	2	1	2
42	21	39	2	1	2
43	31	29	2	1	2
44	25	35	2	1	2
45	22	38	2	1	2
46	27	33	2	1	2
47	31	29	2	1	2
48	32	28	2	1	2
49	24	36	2	1	2
50	30	30	2	1	2
51	22	38	2	1	2
52	32	28	2	1	2
53	28	32	2	1	2
54	23	37	2	1	2
55	21	39	2	1	2
56	30	30	2	1	2
57	29	31	2	1	2
58	28	32	2	1	2
59	23	37	2	1	2
60	28	32	2	1	2
61	29	31	2	1	1
62	29	31	2	1	1
63	35	25	2	1	1
64	27	33	2	1	1
65	28	32	2	1	1
66	24	36	2	1	1
67	35	25	2	1	1
68	28	32	2	1	1
69	41	19	2	1	1
70	34	26	2	1	1
71	34	26	2	1	1
72	29	31	2	1	1
73	28	32	2	1	1
74	28	32	2	1	1
75	21	39	2	1	1
76	31	29	2	1	1
77	31	29	2	1	1
78	29	31	2	1	1
79	36	24	2	1	1
80	23	37	2	1	1
81	21	39	2	0	2
82	25	35	2	0	2
83	22	38	2	0	2
84	29	31	2	0	2
85	24	36	2	0	2
86	23	37	2	0	2
87	27	33	2	0	2
88	21	39	2	0	2
89	24	36	2	0	2
90	29	31	2	0	2
91	23	37	2	0	2
92	13	47	2	0	2
93	29	31	2	0	2
94	31	29	2	0	2
95	26	34	2	0	2
96	26	34	2	0	2
97	21	39	2	0	2
98	25	35	2	0	2
99	29	31	2	0	2
100	27	33	2	0	2
