mutation_id	ref_counts	var_counts	normal_cn	minor_cn	major_cn
1	35	25	2	1	1
2	33	27	2	1	1
3	35	25	2	1	1
4	25	35	2	1	1
5	23	37	2	1	1
6	35	25	2	1	1
7	29	31	2	1	1
8	38	22	2	1	1
9	25	35	2	1	1
10	28	32	2	1	1
11	26	34	2	1	1
12	23	37	2	1	1
13	34	26	2	1	1
14	31	29	2	1	1
15	33	27	2	1	1
16	33	27	2	1	1
17	26	34	2	1	1
18	30	30	2	1	1
19	26	34	2	1	1
20	35	25	2	1	1
21	30	30	2	1	1
22	31	29	2	1	1
23	32	28	2	1	1
24	20	40	2	1	1
25	26	34	2	1	1
26	28	32	2	1	1
27	29	31	2	1	1
28	23	37	2	1	1
29	33	27	2	1	1
30	29	31	2	1	1
31	37	23	2	1	1
32	28	32	2	1	1
33	33	27	2	1	1
34	32	28	2	1	1
35	37	23	2	1	1
36	30	30	2	1	1
37	31	29	2	1	1
38	28	32	2	1	1
39	32	28	2	1	1
40	34	26	2	1	1
41	23	37	2	1	2
42	21	39	2	1	2
43	28	32	2	1	2
44	26	34	2	1	2
45	23	37	2	1	2
46	25	35	2	1	2
47	25	35	2	1	2
48	31	29	2	1	2
49	21	39	2	1	2
50	25	35	2	1	2
51	34	26	2	1	2
52	23	37	2	1	2
53	31	29	2	1	2
54	28	32	2	1	2
55	28	32	2	1	2
56	27	33	2	1	2
57	26	34	2	1	2
58	24	36	2	1	2
59	28	32	2	1	2
60	26	34	2	1	2
61	34	26	2	1	1
62	37	23	2	1	1
63	23	37	2	1	1
64	29	31	2	1	1
65	25	35	2	1	1
66	29	31	2	1	1
67	28	32	2	1	1
68	31	29	2	1	1
69	37	23	2	1	1
70	29	31	2	1	1
71	28	32	2	1	1
72	32	28	2	1	1
73	28	32	2	1	1
74	28	32	2	1	1
75	36	24	2	1	1
76	38	22	2	1	1
77	27	33	2	1	1
78	33	27	2	1	1
79	35	25	2	1	1
80	31	29	2	1	1
81	20	40	2	0	2
82	24	36	2	0	2
83	22	38	2	0	2
84	29	31	2	0	2
85	26	34	2	0	2
86	22	38	2	0	2
87	25	35	2	0	2
88	32	28	2	0	2
89	30	30	2	0	2
90	20	40	2	0	2
91	19	41	2	0	2
92	26	34	2	0	2
93	28	32	2	0	2
94	28	32	2	0	2
95	26	34	2	0	2
96	22	38	2	0	2
97	21	39	2	0	2
98	21	39	2	0	2
99	35	25	2	0	2
100	20	40	2	0	2
