mutation_id	ref_counts	var_counts	normal_cn	minor_cn	major_cn
1	478	522	2	1	1
2	507	493	2	1	1
3	483	517	2	1	1
4	509	491	2	1	1
5	500	500	2	1	1
6	498	502	2	1	1
7	484	516	2	1	1
8	515	485	2	1	1
9	485	515	2	1	1
10	519	481	2	1	1
11	503	497	2	1	1
12	507	493	2	1	1
13	491	509	2	1	1
14	516	484	2	1	1
15	496	504	2	1	1
16	494	506	2	1	1
17	489	511	2	1	1
18	519	481	2	1	1
19	510	490	2	1	1
20	483	517	2	1	1
21	423	577	2	1	2
22	416	584	2	1	2
23	428	572	2	1	2
24	443	557	2	1	2
25	431	569	2	1	2
26	431	569	2	1	2
27	460	540	2	1	2
28	432	568	2	1	2
29	428	572	2	1	2
30	454	546	2	1	2
31	481	519	2	1	1
32	507	493	2	1	1
33	506	494	2	1	1
34	503	497	2	1	1
35	508	492	2	1	1
36	516	484	2	1	1
37	515	485	2	1	1
38	493	507	2	1	1
39	492	508	2	1	1
40	514	486	2	1	1
41	374	626	2	0	2
42	421	579	2	0	2
43	382	618	2	0	2
44	405	595	2	0	2
45	395	605	2	0	2
46	393	607	2	0	2
47	372	628	2	0	2
48	396	604	2	0	2
49	408	592	2	0	2
50	371	629	2	0	2
