mutation_id	ref_counts	var_counts	normal_cn	minor_cn	major_cn
1	31	29	2	1	1
2	32	28	2	1	1
3	29	31	2	1	1
4	28	32	2	1	1
5	29	31	2	1	1
6	32	28	2	1	1
7	32	28	2	1	1
8	22	38	2	1	1
9	26	34	2	1	1
10	35	25	2	1	1
11	32	28	2	1	1
12	31	29	2	1	1
13	28	32	2	1	1
14	27	33	2	1	1
15	37	23	2	1	1
16	27	33	2	1	1
17	33	27	2	1	1
18	35	25	2	1	1
19	30	30	2	1	1
20	29	31	2	1	1
21	30	30	2	1	2
22	20	40	2	1	2
23	22	38	2	1	2
24	28	32	2	1	2
25	22	38	2	1	2
26	31	29	2	1	2
27	30	30	2	1	2
28	29	31	2	1	2
29	26	34	2	1	2
30	26	34	2	1	2
31	35	25	2	1	1
32	33	27	2	1	1
33	28	32	2	1	1
34	31	29	2	1	1
35	32	28	2	1	1
36	27	33	2	1	1
37	35	25	2	1	1
38	30	30	2	1	1
39	25	35	2	1	1
40	26	34	2	1	1
41	28	32	2	0	2
42	23	37	2	0	2
43	24	36	2	0	2
44	18	42	2	0	2
45	26	34	2	0	2
46	29	31	2	0	2
47	23	37	2	0	2
48	25	35	2	0	2
49	20	40	2	0	2
50	25	35	2	0	2
