mutation_id	ref_counts	var_counts	normal_cn	minor_cn	major_cn
1	16	14	2	1	1
2	13	17	2	1	1
3	11	19	2	1	1
4	15	15	2	1	1
5	13	17	2	1	1
6	21	9	2	1	1
7	7	23	2	1	1
8	17	13	2	1	1
9	15	15	2	1	1
10	17	13	2	1	1
11	15	15	2	1	1
12	13	17	2	1	1
13	12	18	2	1	1
14	11	19	2	1	1
15	18	12	2	1	1
16	17	13	2	1	1
17	15	15	2	1	1
18	21	9	2	1	1
19	19	11	2	1	1
20	16	14	2	1	1
21	16	14	2	1	1
22	12	18	2	1	1
23	14	16	2	1	1
24	14	16	2	1	1
25	14	16	2	1	1
26	17	13	2	1	1
27	15	15	2	1	1
28	12	18	2	1	1
29	10	20	2	1	1
30	21	9	2	1	1
31	18	12	2	1	1
32	18	12	2	1	1
33	8	22	2	1	1
34	15	15	2	1	1
35	14	16	2	1	1
36	11	19	2	1	1
37	13	17	2	1	1
38	12	18	2	1	1
39	18	12	2	1	1
40	15	15	2	1	1
41	17	13	2	1	2
42	15	15	2	1	2
43	14	16	2	1	2
44	16	14	2	1	2
45	17	13	2	1	2
46	16	14	2	1	2
47	11	19	2	1	2
48	17	13	2	1	2
49	14	16	2	1	2
50	17	13	2	1	2
51	12	18	2	1	2
52	12	18	2	1	2
53	15	15	2	1	2
54	15	15	2	1	2
55	13	17	2	1	2
56	16	14	2	1	2
57	10	20	2	1	2
58	7	23	2	1	2
59	11	19	2	1	2
60	14	16	2	1	2
61	19	11	2	1	1
62	18	12	2	1	1
63	17	13	2	1	1
64	21	9	2	1	1
65	16	14	2	1	1
66	11	19	2	1	1
67	12	18	2	1	1
68	14	16	2	1	1
69	9	21	2	1	1
70	11	19	2	1	1
71	12	18	2	1	1
72	14	16	2	1	1
73	20	10	2	1	1
74	14	16	2	1	1
75	15	15	2	1	1
76	23	7	2	1	1
77	19	11	2	1	1
78	16	14	2	1	1
79	17	13	2	1	1
80	13	17	2	1	1
81	9	21	2	0	2
82	16	14	2	0	2
83	9	21	2	0	2
84	14	16	2	0	2
85	20	10	2	0	2
86	12	18	2	0	2
87	16	14	2	0	2
88	15	15	2	0	2
89	11	19	2	0	2
90	13	17	2	0	2
91	11	19	2	0	2
92	8	22	2	0	2
93	12	18	2	0	2
94	14	16	2	0	2
95	12	18	2	0	2
96	14	16	2	0	2
97	12	18	2	0	2
98	14	16	2	0	2
99	13	17	2	0	2
100	11	19	2	0	2
