mutation_id	ref_counts	var_counts	normal_cn	minor_cn	major_cn
1	485	515	2	1	1
2	491	509	2	1	1
3	520	480	2	1	1
4	503	497	2	1	1
5	515	485	2	1	1
6	496	504	2	1	1
7	498	502	2	1	1
8	457	543	2	1	1
9	511	489	2	1	1
10	507	493	2	1	1
11	502	498	2	1	1
12	510	490	2	1	1
13	477	523	2	1	1
14	506	494	2	1	1
15	494	506	2	1	1
16	479	521	2	1	1
17	522	478	2	1	1
18	501	499	2	1	1
19	518	482	2	1	1
20	497	503	2	1	1
21	514	486	2	1	1
22	480	520	2	1	1
23	501	499	2	1	1
24	502	498	2	1	1
25	518	482	2	1	1
26	522	478	2	1	1
27	475	525	2	1	1
28	511	489	2	1	1
29	505	495	2	1	1
30	516	484	2	1	1
31	517	483	2	1	1
32	499	501	2	1	1
33	539	461	2	1	1
34	499	501	2	1	1
35	483	517	2	1	1
36	509	491	2	1	1
37	518	482	2	1	1
38	529	471	2	1	1
39	482	518	2	1	1
40	499	501	2	1	1
41	444	556	2	1	2
42	455	545	2	1	2
43	438	562	2	1	2
44	440	560	2	1	2
45	422	578	2	1	2
46	456	544	2	1	2
47	416	584	2	1	2
48	429	571	2	1	2
49	455	545	2	1	2
50	454	546	2	1	2
51	467	533	2	1	2
52	441	559	2	1	2
53	461	539	2	1	2
54	434	566	2	1	2
55	438	562	2	1	2
56	436	564	2	1	2
57	442	558	2	1	2
58	440	560	2	1	2
59	432	568	2	1	2
60	451	549	2	1	2
61	499	501	2	1	1
62	511	489	2	1	1
63	493	507	2	1	1
64	479	521	2	1	1
65	517	483	2	1	1
66	515	485	2	1	1
67	509	491	2	1	1
68	485	515	2	1	1
69	495	505	2	1	1
70	486	514	2	1	1
71	519	481	2	1	1
72	503	497	2	1	1
73	484	516	2	1	1
74	488	512	2	1	1
75	471	529	2	1	1
76	509	491	2	1	1
77	506	494	2	1	1
78	505	495	2	1	1
79	480	520	2	1	1
80	497	503	2	1	1
81	422	578	2	0	2
82	397	603	2	0	2
83	361	639	2	0	2
84	417	583	2	0	2
85	389	611	2	0	2
86	429	571	2	0	2
87	379	621	2	0	2
88	424	576	2	0	2
89	381	619	2	0	2
90	392	608	2	0	2
91	408	592	2	0	2
92	413	587	2	0	2
93	402	598	2	0	2
94	394	606	2	0	2
95	388	612	2	0	2
96	456	544	2	0	2
97	392	608	2	0	2
98	398	602	2	0	2
99	388	612	2	0	2
100	355	645	2	0	2
