mutation_id	ref_counts	var_counts	normal_cn	minor_cn	major_cn
1	55	65	2	1	1
2	60	60	2	1	1
3	51	69	2	1	1
4	66	54	2	1	1
5	62	58	2	1	1
6	55	65	2	1	1
7	59	61	2	1	1
8	54	66	2	1	1
9	57	63	2	1	1
10	58	62	2	1	1
11	54	66	2	1	1
12	63	57	2	1	1
13	55	65	2	1	1
14	73	47	2	1	1
15	68	52	2	1	1
16	71	49	2	1	1
17	60	60	2	1	1
18	65	55	2	1	1
19	70	50	2	1	1
20	63	57	2	1	1
21	49	71	2	1	2
22	64	56	2	1	2
23	51	69	2	1	2
24	50	70	2	1	2
25	45	75	2	1	2
26	48	72	2	1	2
27	44	76	2	1	2
28	53	67	2	1	2
29	51	69	2	1	2
30	52	68	2	1	2
31	49	71	2	1	1
32	65	55	2	1	1
33	61	59	2	1	1
34	61	59	2	1	1
35	59	61	2	1	1
36	57	63	2	1	1
37	52	68	2	1	1
38	64	56	2	1	1
39	61	59	2	1	1
40	60	60	2	1	1
41	43	77	2	0	2
42	44	76	2	0	2
43	56	64	2	0	2
44	48	72	2	0	2
45	50	70	2	0	2
46	45	75	2	0	2
47	51	69	2	0	2
48	53	67	2	0	2
49	44	76	2	0	2
50	52	68	2	0	2
