mutation_id	ref_counts	var_counts	normal_cn	minor_cn	major_cn
1	16	14	2	1	1
2	15	15	2	1	1
3	11	19	2	1	1
4	15	15	2	1	1
5	14	16	2	1	1
6	15	15	2	1	1
7	19	11	2	1	1
8	16	14	2	1	1
9	11	19	2	1	1
10	13	17	2	1	1
11	15	15	2	1	1
12	20	10	2	1	1
13	15	15	2	1	1
14	12	18	2	1	1
15	18	12	2	1	1
16	18	12	2	1	1
17	9	21	2	1	1
18	11	19	2	1	1
19	12	18	2	1	1
20	12	18	2	1	1
21	13	17	2	1	1
22	16	14	2	1	1
23	13	17	2	1	1
24	22	8	2	1	1
25	18	12	2	1	1
26	14	16	2	1	1
27	15	15	2	1	1
28	14	16	2	1	1
29	11	19	2	1	1
30	19	11	2	1	1
31	10	20	2	1	1
32	18	12	2	1	1
33	18	12	2	1	1
34	15	15	2	1	1
35	12	18	2	1	1
36	14	16	2	1	1
37	17	13	2	1	1
38	14	16	2	1	1
39	17	13	2	1	1
40	13	17	2	1	1
41	13	17	2	1	2
42	13	17	2	1	2
43	10	20	2	1	2
44	9	21	2	1	2
45	14	16	2	1	2
46	13	17	2	1	2
47	11	19	2	1	2
48	14	16	2	1	2
49	11	19	2	1	2
50	12	18	2	1	2
51	19	11	2	1	2
52	14	16	2	1	2
53	11	19	2	1	2
54	16	14	2	1	2
55	13	17	2	1	2
56	14	16	2	1	2
57	14	16	2	1	2
58	12	18	2	1	2
59	11	19	2	1	2
60	15	15	2	1	2
61	16	14	2	1	1
62	19	11	2	1	1
63	16	14	2	1	1
64	14	16	2	1	1
65	16	14	2	1	1
66	15	15	2	1	1
67	14	16	2	1	1
68	14	16	2	1	1
69	17	13	2	1	1
70	17	13	2	1	1
71	16	14	2	1	1
72	12	18	2	1	1
73	16	14	2	1	1
74	17	13	2	1	1
75	14	16	2	1	1
76	20	10	2	1	1
77	11	19	2	1	1
78	14	16	2	1	1
79	14	16	2	1	1
80	15	15	2	1	1
81	11	19	2	0	2
82	17	13	2	0	2
83	12	18	2	0	2
84	16	14	2	0	2
85	13	17	2	0	2
86	11	19	2	0	2
87	11	19	2	0	2
88	13	17	2	0	2
89	16	14	2	0	2
90	7	23	2	0	2
91	15	15	2	0	2
92	9	21	2	0	2
93	9	21	2	0	2
94	9	21	2	0	2
95	11	19	2	0	2
96	14	16	2	0	2
97	15	15	2	0	2
98	11	19	2	0	2
99	16	14	2	0	2
100	10	20	2	0	2
