mutation_id	ref_counts	var_counts	normal_cn	minor_cn	major_cn
1	525	475	2	1	1
2	480	520	2	1	1
3	506	494	2	1	1
4	529	471	2	1	1
5	537	463	2	1	1
6	486	514	2	1	1
7	511	489	2	1	1
8	499	501	2	1	1
9	493	507	2	1	1
10	479	521	2	1	1
11	486	514	2	1	1
12	486	514	2	1	1
13	519	481	2	1	1
14	496	504	2	1	1
15	552	448	2	1	1
16	480	520	2	1	1
17	490	510	2	1	1
18	528	472	2	1	1
19	504	496	2	1	1
20	484	516	2	1	1
21	426	574	2	1	2
22	428	572	2	1	2
23	437	563	2	1	2
24	431	569	2	1	2
25	439	561	2	1	2
26	429	571	2	1	2
27	444	556	2	1	2
28	431	569	2	1	2
29	442	558	2	1	2
30	454	546	2	1	2
31	527	473	2	1	1
32	498	502	2	1	1
33	532	468	2	1	1
34	484	516	2	1	1
35	500	500	2	1	1
36	476	524	2	1	1
37	489	511	2	1	1
38	472	528	2	1	1
39	506	494	2	1	1
40	501	499	2	1	1
41	404	596	2	0	2
42	417	583	2	0	2
43	400	600	2	0	2
44	393	607	2	0	2
45	391	609	2	0	2
46	418	582	2	0	2
47	432	568	2	0	2
48	388	612	2	0	2
49	403	597	2	0	2
50	370	630	2	0	2
