mutation_id	ref_counts	var_counts	normal_cn	minor_cn	major_cn
1	17	13	2	1	1
2	14	16	2	1	1
3	16	14	2	1	1
4	13	17	2	1	1
5	20	10	2	1	1
6	12	18	2	1	1
7	18	12	2	1	1
8	15	15	2	1	1
9	12	18	2	1	1
10	22	8	2	1	1
11	16	14	2	1	1
12	11	19	2	1	1
13	13	17	2	1	1
14	14	16	2	1	1
15	16	14	2	1	1
16	19	11	2	1	1
17	13	17	2	1	1
18	22	8	2	1	1
19	16	14	2	1	1
20	19	11	2	1	1
21	18	12	2	1	1
22	13	17	2	1	1
23	13	17	2	1	1
24	17	13	2	1	1
25	10	20	2	1	1
26	12	18	2	1	1
27	14	16	2	1	1
28	13	17	2	1	1
29	15	15	2	1	1
30	11	19	2	1	1
31	18	12	2	1	1
32	11	19	2	1	1
33	14	16	2	1	1
34	17	13	2	1	1
35	8	22	2	1	1
36	15	15	2	1	1
37	15	15	2	1	1
38	17	13	2	1	1
39	16	14	2	1	1
40	12	18	2	1	1
41	14	16	2	1	2
42	12	18	2	1	2
43	14	16	2	1	2
44	12	18	2	1	2
45	13	17	2	1	2
46	14	16	2	1	2
47	13	17	2	1	2
48	12	18	2	1	2
49	17	13	2	1	2
50	13	17	2	1	2
51	15	15	2	1	2
52	17	13	2	1	2
53	13	17	2	1	2
54	16	14	2	1	2
55	9	21	2	1	2
56	16	14	2	1	2
57	14	16	2	1	2
58	17	13	2	1	2
59	9	21	2	1	2
60	16	14	2	1	2
61	19	11	2	1	1
62	15	15	2	1	1
63	16	14	2	1	1
64	13	17	2	1	1
65	16	14	2	1	1
66	13	17	2	1	1
67	18	12	2	1	1
68	13	17	2	1	1
69	14	16	2	1	1
70	15	15	2	1	1
71	21	9	2	1	1
72	20	10	2	1	1
73	15	15	2	1	1
74	13	17	2	1	1
75	11	19	2	1	1
76	12	18	2	1	1
77	17	13	2	1	1
78	20	10	2	1	1
79	17	13	2	1	1
80	11	19	2	1	1
81	13	17	2	0	2
82	11	19	2	0	2
83	10	20	2	0	2
84	13	17	2	0	2
85	11	19	2	0	2
86	15	15	2	0	2
87	8	22	2	0	2
88	8	22	2	0	2
89	15	15	2	0	2
90	14	16	2	0	2
91	17	13	2	0	2
92	9	21	2	0	2
93	11	19	2	0	2
94	9	21	2	0	2
95	13	17	2	0	2
96	15	15	2	0	2
97	8	22	2	0	2
98	8	22	2	0	2
99	13	17	2	0	2
100	12	18	2	0	2
