mutation_id	ref_counts	var_counts	normal_cn	minor_cn	major_cn
1	25	35	2	1	1
2	31	29	2	1	1
3	20	40	2	1	1
4	34	26	2	1	1
5	31	29	2	1	1
6	27	33	2	1	1
7	30	30	2	1	1
8	28	32	2	1	1
9	23	37	2	1	1
10	28	32	2	1	1
11	28	32	2	1	1
12	35	25	2	1	1
13	28	32	2	1	1
14	35	25	2	1	1
15	29	31	2	1	1
16	26	34	2	1	1
17	35	25	2	1	1
18	31	29	2	1	1
19	29	31	2	1	1
20	28	32	2	1	1
21	33	27	2	1	1
22	35	25	2	1	1
23	28	32	2	1	1
24	39	21	2	1	1
25	32	28	2	1	1
26	29	31	2	1	1
27	26	34	2	1	1
28	32	28	2	1	1
29	29	31	2	1	1
30	34	26	2	1	1
31	26	34	2	1	1
32	33	27	2	1	1
33	36	24	2	1	1
34	30	30	2	1	1
35	32	28	2	1	1
36	26	34	2	1	1
37	30	30	2	1	1
38	30	30	2	1	1
39	25	35	2	1	1
40	37	23	2	1	1
41	18	42	2	1	2
42	27	33	2	1	2
43	28	32	2	1	2
44	24	36	2	1	2
45	20	40	2	1	2
46	34	26	2	1	2
47	32	28	2	1	2
48	31	29	2	1	2
49	22	38	2	1	2
50	26	34	2	1	2
51	21	39	2	1	2
52	24	36	2	1	2
53	25	35	2	1	2
54	34	26	2	1	2
55	25	35	2	1	2
56	21	39	2	1	2
57	29	31	2	1	2
58	25	35	2	1	2
59	27	33	2	1	2
60	29	31	2	1	2
61	34	26	2	1	1
62	32	28	2	1	1
63	25	35	2	1	1
64	32	28	2	1	1
65	22	38	2	1	1
66	26	34	2	1	1
67	32	28	2	1	1
68	25	35	2	1	1
69	29	31	2	1	1
70	30	30	2	1	1
71	34	26	2	1	1
72	27	33	2	1	1
73	30	30	2	1	1
74	32	28	2	1	1
75	25	35	2	1	1
76	33	27	2	1	1
77	29	31	2	1	1
78	32	28	2	1	1
79	33	27	2	1	1
80	33	27	2	1	1
81	24	36	2	0	2
82	24	36	2	0	2
83	31	29	2	0	2
84	28	32	2	0	2
85	18	42	2	0	2
86	24	36	2	0	2
87	20	40	2	0	2
88	23	37	2	0	2
89	29	31	2	0	2
90	25	35	2	0	2
91	18	42	2	0	2
92	22	38	2	0	2
93	31	29	2	0	2
94	27	33	2	0	2
95	25	35	2	0	2
96	24	36	2	0	2
97	19	41	2	0	2
98	24	36	2	0	2
99	22	38	2	0	2
100	24	36	2	0	2
