mutation_id	ref_counts	var_counts	normal_cn	minor_cn	major_cn
1	60	60	2	1	1
2	70	50	2	1	1
3	57	63	2	1	1
4	62	58	2	1	1
5	66	54	2	1	1
6	63	57	2	1	1
7	56	64	2	1	1
8	62	58	2	1	1
9	63	57	2	1	1
10	51	69	2	1	1
11	63	57	2	1	1
12	55	65	2	1	1
13	58	62	2	1	1
14	60	60	2	1	1
15	61	59	2	1	1
16	55	65	2	1	1
17	54	66	2	1	1
18	65	55	2	1	1
19	62	58	2	1	1
20	63	57	2	1	1
21	52	68	2	1	1
22	58	62	2	1	1
23	63	57	2	1	1
24	58	62	2	1	1
25	63	57	2	1	1
26	57	63	2	1	1
27	60	60	2	1	1
28	57	63	2	1	1
29	59	61	2	1	1
30	62	58	2	1	1
31	60	60	2	1	1
32	56	64	2	1	1
33	59	61	2	1	1
34	53	67	2	1	1
35	60	60	2	1	1
36	66	54	2	1	1
37	57	63	2	1	1
38	55	65	2	1	1
39	65	55	2	1	1
40	57	63	2	1	1
41	52	68	2	1	2
42	55	65	2	1	2
43	59	61	2	1	2
44	51	69	2	1	2
45	45	75	2	1	2
46	50	70	2	1	2
47	53	67	2	1	2
48	57	63	2	1	2
49	47	73	2	1	2
50	59	61	2	1	2
51	55	65	2	1	2
52	53	67	2	1	2
53	53	67	2	1	2
54	49	71	2	1	2
55	53	67	2	1	2
56	53	67	2	1	2
57	57	63	2	1	2
58	55	65	2	1	2
59	49	71	2	1	2
60	48	72	2	1	2
61	53	67	2	1	1
62	67	53	2	1	1
63	62	58	2	1	1
64	53	67	2	1	1
65	61	59	2	1	1
66	59	61	2	1	1
67	60	60	2	1	1
68	62	58	2	1	1
69	66	54	2	1	1
70	48	72	2	1	1
71	55	65	2	1	1
72	64	56	2	1	1
73	64	56	2	1	1
74	52	68	2	1	1
75	61	59	2	1	1
76	67	53	2	1	1
77	51	69	2	1	1
78	60	60	2	1	1
79	60	60	2	1	1
80	78	42	2	1	1
81	52	68	2	0	2
82	40	80	2	0	2
83	44	76	2	0	2
84	52	68	2	0	2
85	43	77	2	0	2
86	47	73	2	0	2
87	44	76	2	0	2
88	44	76	2	0	2
89	50	70	2	0	2
90	35	85	2	0	2
91	46	74	2	0	2
92	44	76	2	0	2
93	40	80	2	0	2
94	31	89	2	0	2
95	56	64	2	0	2
96	35	85	2	0	2
97	48	72	2	0	2
98	57	63	2	0	2
99	56	64	2	0	2
100	40	80	2	0	2
