mutation_id	ref_counts	var_counts	normal_cn	minor_cn	major_cn
1	10	20	2	1	1
2	17	13	2	1	1
3	13	17	2	1	1
4	16	14	2	1	1
5	12	18	2	1	1
6	12	18	2	1	1
7	17	13	2	1	1
8	12	18	2	1	1
9	13	17	2	1	1
10	12	18	2	1	1
11	13	17	2	1	1
12	17	13	2	1	1
13	10	20	2	1	1
14	16	14	2	1	1
15	15	15	2	1	1
16	15	15	2	1	1
17	20	10	2	1	1
18	13	17	2	1	1
19	13	17	2	1	1
20	13	17	2	1	1
21	17	13	2	1	1
22	15	15	2	1	1
23	14	16	2	1	1
24	14	16	2	1	1
25	21	9	2	1	1
26	14	16	2	1	1
27	18	12	2	1	1
28	14	16	2	1	1
29	14	16	2	1	1
30	11	19	2	1	1
31	15	15	2	1	1
32	21	9	2	1	1
33	13	17	2	1	1
34	15	15	2	1	1
35	15	15	2	1	1
36	11	19	2	1	1
37	17	13	2	1	1
38	11	19	2	1	1
39	18	12	2	1	1
40	15	15	2	1	1
41	15	15	2	1	2
42	11	19	2	1	2
43	17	13	2	1	2
44	18	12	2	1	2
45	17	13	2	1	2
46	12	18	2	1	2
47	16	14	2	1	2
48	18	12	2	1	2
49	16	14	2	1	2
50	14	16	2	1	2
51	12	18	2	1	2
52	16	14	2	1	2
53	13	17	2	1	2
54	16	14	2	1	2
55	14	16	2	1	2
56	12	18	2	1	2
57	9	21	2	1	2
58	10	20	2	1	2
59	12	18	2	1	2
60	10	20	2	1	2
61	21	9	2	1	1
62	18	12	2	1	1
63	17	13	2	1	1
64	16	14	2	1	1
65	16	14	2	1	1
66	14	16	2	1	1
67	14	16	2	1	1
68	17	13	2	1	1
69	16	14	2	1	1
70	16	14	2	1	1
71	13	17	2	1	1
72	9	21	2	1	1
73	15	15	2	1	1
74	16	14	2	1	1
75	17	13	2	1	1
76	18	12	2	1	1
77	13	17	2	1	1
78	15	15	2	1	1
79	12	18	2	1	1
80	12	18	2	1	1
81	13	17	2	0	2
82	11	19	2	0	2
83	9	21	2	0	2
84	13	17	2	0	2
85	11	19	2	0	2
86	10	20	2	0	2
87	7	23	2	0	2
88	10	20	2	0	2
89	5	25	2	0	2
90	13	17	2	0	2
91	15	15	2	0	2
92	12	18	2	0	2
93	13	17	2	0	2
94	8	22	2	0	2
95	13	17	2	0	2
96	11	19	2	0	2
97	5	25	2	0	2
98	12	18	2	0	2
99	14	16	2	0	2
100	10	20	2	0	2
