mutation_id	ref_counts	var_counts	normal_cn	minor_cn	major_cn
1	19	11	2	1	1
2	17	13	2	1	1
3	13	17	2	1	1
4	16	14	2	1	1
5	13	17	2	1	1
6	16	14	2	1	1
7	20	10	2	1	1
8	15	15	2	1	1
9	9	21	2	1	1
10	13	17	2	1	1
11	12	18	2	1	1
12	14	16	2	1	1
13	13	17	2	1	1
14	17	13	2	1	1
15	15	15	2	1	1
16	10	20	2	1	1
17	11	19	2	1	1
18	14	16	2	1	1
19	16	14	2	1	1
20	18	12	2	1	1
21	10	20	2	1	2
22	8	22	2	1	2
23	11	19	2	1	2
24	13	17	2	1	2
25	11	19	2	1	2
26	13	17	2	1	2
27	11	19	2	1	2
28	9	21	2	1	2
29	17	13	2	1	2
30	14	16	2	1	2
31	9	21	2	1	1
32	15	15	2	1	1
33	17	13	2	1	1
34	18	12	2	1	1
35	14	16	2	1	1
36	16	14	2	1	1
37	12	18	2	1	1
38	19	11	2	1	1
39	13	17	2	1	1
40	14	16	2	1	1
41	18	12	2	0	2
42	13	17	2	0	2
43	9	21	2	0	2
44	12	18	2	0	2
45	12	18	2	0	2
46	14	16	2	0	2
47	10	20	2	0	2
48	13	17	2	0	2
49	17	13	2	0	2
50	9	21	2	0	2
