mutation_id	ref_counts	var_counts	normal_cn	minor_cn	major_cn
1	33	27	2	1	1
2	27	33	2	1	1
3	35	25	2	1	1
4	22	38	2	1	1
5	30	30	2	1	1
6	28	32	2	1	1
7	28	32	2	1	1
8	32	28	2	1	1
9	25	35	2	1	1
10	32	28	2	1	1
11	34	26	2	1	1
12	30	30	2	1	1
13	26	34	2	1	1
14	30	30	2	1	1
15	38	22	2	1	1
16	33	27	2	1	1
17	32	28	2	1	1
18	32	28	2	1	1
19	34	26	2	1	1
20	34	26	2	1	1
21	27	33	2	1	2
22	28	32	2	1	2
23	27	33	2	1	2
24	23	37	2	1	2
25	27	33	2	1	2
26	26	34	2	1	2
27	27	33	2	1	2
28	30	30	2	1	2
29	31	29	2	1	2
30	24	36	2	1	2
31	26	34	2	1	1
32	28	32	2	1	1
33	31	29	2	1	1
34	24	36	2	1	1
35	33	27	2	1	1
36	29	31	2	1	1
37	32	28	2	1	1
38	25	35	2	1	1
39	34	26	2	1	1
40	28	32	2	1	1
41	20	40	2	0	2
42	19	41	2	0	2
43	28	32	2	0	2
44	23	37	2	0	2
45	21	39	2	0	2
46	23	37	2	0	2
47	24	36	2	0	2
48	21	39	2	0	2
49	26	34	2	0	2
50	26	34	2	0	2
