mutation_id	ref_counts	var_counts	normal_cn	minor_cn	major_cn
1	14	16	2	1	1
2	15	15	2	1	1
3	14	16	2	1	1
4	21	9	2	1	1
5	15	15	2	1	1
6	14	16	2	1	1
7	15	15	2	1	1
8	12	18	2	1	1
9	14	16	2	1	1
10	12	18	2	1	1
11	11	19	2	1	1
12	18	12	2	1	1
13	14	16	2	1	1
14	18	12	2	1	1
15	14	16	2	1	1
16	11	19	2	1	1
17	17	13	2	1	1
18	20	10	2	1	1
19	10	20	2	1	1
20	15	15	2	1	1
21	13	17	2	1	2
22	14	16	2	1	2
23	12	18	2	1	2
24	18	12	2	1	2
25	16	14	2	1	2
26	16	14	2	1	2
27	8	22	2	1	2
28	13	17	2	1	2
29	11	19	2	1	2
30	11	19	2	1	2
31	15	15	2	1	1
32	12	18	2	1	1
33	15	15	2	1	1
34	16	14	2	1	1
35	16	14	2	1	1
36	17	13	2	1	1
37	17	13	2	1	1
38	16	14	2	1	1
39	15	15	2	1	1
40	13	17	2	1	1
41	10	20	2	0	2
42	12	18	2	0	2
43	11	19	2	0	2
44	15	15	2	0	2
45	14	16	2	0	2
46	10	20	2	0	2
47	11	19	2	0	2
48	13	17	2	0	2
49	12	18	2	0	2
50	9	21	2	0	2
