mutation_id	ref_counts	var_counts	normal_cn	minor_cn	major_cn
1	60	60	2	1	1
2	60	60	2	1	1
3	56	64	2	1	1
4	61	59	2	1	1
5	51	69	2	1	1
6	72	48	2	1	1
7	49	71	2	1	1
8	68	52	2	1	1
9	51	69	2	1	1
10	57	63	2	1	1
11	55	65	2	1	1
12	64	56	2	1	1
13	58	62	2	1	1
14	58	62	2	1	1
15	61	59	2	1	1
16	62	58	2	1	1
17	64	56	2	1	1
18	63	57	2	1	1
19	70	50	2	1	1
20	48	72	2	1	1
21	60	60	2	1	2
22	57	63	2	1	2
23	44	76	2	1	2
24	68	52	2	1	2
25	50	70	2	1	2
26	52	68	2	1	2
27	54	66	2	1	2
28	50	70	2	1	2
29	49	71	2	1	2
30	51	69	2	1	2
31	60	60	2	1	1
32	63	57	2	1	1
33	66	54	2	1	1
34	62	58	2	1	1
35	51	69	2	1	1
36	60	60	2	1	1
37	67	53	2	1	1
38	65	55	2	1	1
39	63	57	2	1	1
40	46	74	2	1	1
41	42	78	2	0	2
42	49	71	2	0	2
43	45	75	2	0	2
44	53	67	2	0	2
45	51	69	2	0	2
46	53	67	2	0	2
47	47	73	2	0	2
48	43	77	2	0	2
49	58	62	2	0	2
50	54	66	2	0	2
