mutation_id	ref_counts	var_counts	normal_cn	minor_cn	major_cn
1	502	498	2	1	1
2	483	517	2	1	1
3	463	537	2	1	1
4	513	487	2	1	1
5	483	517	2	1	1
6	493	507	2	1	1
7	487	513	2	1	1
8	521	479	2	1	1
9	538	462	2	1	1
10	501	499	2	1	1
11	491	509	2	1	1
12	509	491	2	1	1
13	485	515	2	1	1
14	495	505	2	1	1
15	505	495	2	1	1
16	492	508	2	1	1
17	495	505	2	1	1
18	512	488	2	1	1
19	489	511	2	1	1
20	509	491	2	1	1
21	438	562	2	1	2
22	467	533	2	1	2
23	416	584	2	1	2
24	434	566	2	1	2
25	442	558	2	1	2
26	485	515	2	1	2
27	439	561	2	1	2
28	446	554	2	1	2
29	437	563	2	1	2
30	450	550	2	1	2
31	504	496	2	1	1
32	504	496	2	1	1
33	521	479	2	1	1
34	517	483	2	1	1
35	502	498	2	1	1
36	492	508	2	1	1
37	509	491	2	1	1
38	502	498	2	1	1
39	518	482	2	1	1
40	511	489	2	1	1
41	391	609	2	0	2
42	382	618	2	0	2
43	416	584	2	0	2
44	406	594	2	0	2
45	373	627	2	0	2
46	416	584	2	0	2
47	399	601	2	0	2
48	384	616	2	0	2
49	424	576	2	0	2
50	393	607	2	0	2
