mutation_id	ref_counts	var_counts	normal_cn	minor_cn	major_cn
1	537	463	2	1	1
2	497	503	2	1	1
3	528	472	2	1	1
4	480	520	2	1	1
5	489	511	2	1	1
6	514	486	2	1	1
7	469	531	2	1	1
8	510	490	2	1	1
9	476	524	2	1	1
10	497	503	2	1	1
11	478	522	2	1	1
12	514	486	2	1	1
13	499	501	2	1	1
14	500	500	2	1	1
15	498	502	2	1	1
16	505	495	2	1	1
17	498	502	2	1	1
18	501	499	2	1	1
19	513	487	2	1	1
20	518	482	2	1	1
21	496	504	2	1	1
22	525	475	2	1	1
23	506	494	2	1	1
24	543	457	2	1	1
25	511	489	2	1	1
26	491	509	2	1	1
27	488	512	2	1	1
28	510	490	2	1	1
29	479	521	2	1	1
30	465	535	2	1	1
31	524	476	2	1	1
32	507	493	2	1	1
33	513	487	2	1	1
34	513	487	2	1	1
35	513	487	2	1	1
36	497	503	2	1	1
37	491	509	2	1	1
38	500	500	2	1	1
39	497	503	2	1	1
40	517	483	2	1	1
41	417	583	2	1	2
42	435	565	2	1	2
43	412	588	2	1	2
44	412	588	2	1	2
45	445	555	2	1	2
46	457	543	2	1	2
47	438	562	2	1	2
48	441	559	2	1	2
49	414	586	2	1	2
50	461	539	2	1	2
51	438	562	2	1	2
52	421	579	2	1	2
53	435	565	2	1	2
54	457	543	2	1	2
55	449	551	2	1	2
56	424	576	2	1	2
57	423	577	2	1	2
58	435	565	2	1	2
59	452	548	2	1	2
60	455	545	2	1	2
61	486	514	2	1	1
62	494	506	2	1	1
63	489	511	2	1	1
64	493	507	2	1	1
65	526	474	2	1	1
66	479	521	2	1	1
67	512	488	2	1	1
68	508	492	2	1	1
69	488	512	2	1	1
70	533	467	2	1	1
71	508	492	2	1	1
72	493	507	2	1	1
73	501	499	2	1	1
74	514	486	2	1	1
75	502	498	2	1	1
76	499	501	2	1	1
77	507	493	2	1	1
78	498	502	2	1	1
79	525	475	2	1	1
80	484	516	2	1	1
81	381	619	2	0	2
82	403	597	2	0	2
83	371	629	2	0	2
84	394	606	2	0	2
85	382	618	2	0	2
86	399	601	2	0	2
87	405	595	2	0	2
88	403	597	2	0	2
89	391	609	2	0	2
90	393	607	2	0	2
91	386	614	2	0	2
92	414	586	2	0	2
93	399	601	2	0	2
94	405	595	2	0	2
95	412	588	2	0	2
96	373	627	2	0	2
97	376	624	2	0	2
98	427	573	2	0	2
99	386	614	2	0	2
100	400	600	2	0	2
