mutation_id	ref_counts	var_counts	normal_cn	minor_cn	major_cn
1	12	18	2	1	1
2	12	18	2	1	1
3	19	11	2	1	1
4	18	12	2	1	1
5	12	18	2	1	1
6	17	13	2	1	1
7	17	13	2	1	1
8	15	15	2	1	1
9	14	16	2	1	1
10	15	15	2	1	1
11	11	19	2	1	1
12	19	11	2	1	1
13	16	14	2	1	1
14	17	13	2	1	1
15	19	11	2	1	1
16	13	17	2	1	1
17	15	15	2	1	1
18	10	20	2	1	1
19	20	10	2	1	1
20	15	15	2	1	1
21	14	16	2	1	1
22	16	14	2	1	1
23	11	19	2	1	1
24	12	18	2	1	1
25	17	13	2	1	1
26	12	18	2	1	1
27	15	15	2	1	1
28	15	15	2	1	1
29	16	14	2	1	1
30	14	16	2	1	1
31	15	15	2	1	1
32	13	17	2	1	1
33	14	16	2	1	1
34	21	9	2	1	1
35	18	12	2	1	1
36	13	17	2	1	1
37	16	14	2	1	1
38	18	12	2	1	1
39	11	19	2	1	1
40	10	20	2	1	1
41	10	20	2	1	2
42	16	14	2	1	2
43	17	13	2	1	2
44	14	16	2	1	2
45	20	10	2	1	2
46	11	19	2	1	2
47	13	17	2	1	2
48	12	18	2	1	2
49	15	15	2	1	2
50	12	18	2	1	2
51	14	16	2	1	2
52	11	19	2	1	2
53	6	24	2	1	2
54	14	16	2	1	2
55	15	15	2	1	2
56	10	20	2	1	2
57	13	17	2	1	2
58	17	13	2	1	2
59	8	22	2	1	2
60	12	18	2	1	2
61	19	11	2	1	1
62	15	15	2	1	1
63	13	17	2	1	1
64	19	11	2	1	1
65	13	17	2	1	1
66	13	17	2	1	1
67	16	14	2	1	1
68	13	17	2	1	1
69	16	14	2	1	1
70	17	13	2	1	1
71	16	14	2	1	1
72	14	16	2	1	1
73	14	16	2	1	1
74	17	13	2	1	1
75	12	18	2	1	1
76	15	15	2	1	1
77	19	11	2	1	1
78	19	11	2	1	1
79	19	11	2	1	1
80	14	16	2	1	1
81	8	22	2	0	2
82	11	19	2	0	2
83	9	21	2	0	2
84	10	20	2	0	2
85	9	21	2	0	2
86	13	17	2	0	2
87	14	16	2	0	2
88	11	19	2	0	2
89	10	20	2	0	2
90	14	16	2	0	2
91	12	18	2	0	2
92	13	17	2	0	2
93	14	16	2	0	2
94	10	20	2	0	2
95	13	17	2	0	2
96	12	18	2	0	2
97	12	18	2	0	2
98	17	13	2	0	2
99	11	19	2	0	2
100	10	20	2	0	2
