mutation_id	ref_counts	var_counts	normal_cn	minor_cn	major_cn
1	62	58	2	1	1
2	60	60	2	1	1
3	61	59	2	1	1
4	66	54	2	1	1
5	60	60	2	1	1
6	55	65	2	1	1
7	56	64	2	1	1
8	51	69	2	1	1
9	60	60	2	1	1
10	61	59	2	1	1
11	65	55	2	1	1
12	60	60	2	1	1
13	63	57	2	1	1
14	59	61	2	1	1
15	61	59	2	1	1
16	66	54	2	1	1
17	51	69	2	1	1
18	63	57	2	1	1
19	60	60	2	1	1
20	62	58	2	1	1
21	55	65	2	1	1
22	62	58	2	1	1
23	59	61	2	1	1
24	52	68	2	1	1
25	55	65	2	1	1
26	51	69	2	1	1
27	67	53	2	1	1
28	58	62	2	1	1
29	46	74	2	1	1
30	58	62	2	1	1
31	61	59	2	1	1
32	48	72	2	1	1
33	55	65	2	1	1
34	68	52	2	1	1
35	63	57	2	1	1
36	59	61	2	1	1
37	68	52	2	1	1
38	57	63	2	1	1
39	68	52	2	1	1
40	65	55	2	1	1
41	50	70	2	1	2
42	44	76	2	1	2
43	54	66	2	1	2
44	55	65	2	1	2
45	52	68	2	1	2
46	55	65	2	1	2
47	62	58	2	1	2
48	53	67	2	1	2
49	51	69	2	1	2
50	56	64	2	1	2
51	49	71	2	1	2
52	54	66	2	1	2
53	60	60	2	1	2
54	54	66	2	1	2
55	49	71	2	1	2
56	57	63	2	1	2
57	43	77	2	1	2
58	49	71	2	1	2
59	54	66	2	1	2
60	52	68	2	1	2
61	70	50	2	1	1
62	61	59	2	1	1
63	48	72	2	1	1
64	61	59	2	1	1
65	61	59	2	1	1
66	54	66	2	1	1
67	64	56	2	1	1
68	62	58	2	1	1
69	52	68	2	1	1
70	64	56	2	1	1
71	59	61	2	1	1
72	56	64	2	1	1
73	62	58	2	1	1
74	63	57	2	1	1
75	60	60	2	1	1
76	72	48	2	1	1
77	56	64	2	1	1
78	53	67	2	1	1
79	63	57	2	1	1
80	68	52	2	1	1
81	50	70	2	0	2
82	53	67	2	0	2
83	47	73	2	0	2
84	45	75	2	0	2
85	45	75	2	0	2
86	40	80	2	0	2
87	57	63	2	0	2
88	49	71	2	0	2
89	57	63	2	0	2
90	48	72	2	0	2
91	45	75	2	0	2
92	43	77	2	0	2
93	54	66	2	0	2
94	54	66	2	0	2
95	44	76	2	0	2
96	43	77	2	0	2
97	45	75	2	0	2
98	50	70	2	0	2
99	44	76	2	0	2
100	42	78	2	0	2
