mutation_id	ref_counts	var_counts	normal_cn	minor_cn	major_cn
1	58	62	2	1	1
2	56	64	2	1	1
3	65	55	2	1	1
4	61	59	2	1	1
5	66	54	2	1	1
6	51	69	2	1	1
7	61	59	2	1	1
8	55	65	2	1	1
9	66	54	2	1	1
10	62	58	2	1	1
11	51	69	2	1	1
12	64	56	2	1	1
13	68	52	2	1	1
14	54	66	2	1	1
15	55	65	2	1	1
16	57	63	2	1	1
17	54	66	2	1	1
18	55	65	2	1	1
19	58	62	2	1	1
20	56	64	2	1	1
21	56	64	2	1	2
22	55	65	2	1	2
23	53	67	2	1	2
24	51	69	2	1	2
25	45	75	2	1	2
26	51	69	2	1	2
27	42	78	2	1	2
28	50	70	2	1	2
29	44	76	2	1	2
30	51	69	2	1	2
31	59	61	2	1	1
32	65	55	2	1	1
33	65	55	2	1	1
34	57	63	2	1	1
35	59	61	2	1	1
36	48	72	2	1	1
37	61	59	2	1	1
38	60	60	2	1	1
39	53	67	2	1	1
40	70	50	2	1	1
41	46	74	2	0	2
42	48	72	2	0	2
43	61	59	2	0	2
44	46	74	2	0	2
45	50	70	2	0	2
46	46	74	2	0	2
47	47	73	2	0	2
48	44	76	2	0	2
49	41	79	2	0	2
50	43	77	2	0	2
