mutation_id	ref_counts	var_counts	normal_cn	minor_cn	major_cn
1	55	65	2	1	1
2	65	55	2	1	1
3	55	65	2	1	1
4	56	64	2	1	1
5	55	65	2	1	1
6	66	54	2	1	1
7	63	57	2	1	1
8	55	65	2	1	1
9	61	59	2	1	1
10	70	50	2	1	1
11	66	54	2	1	1
12	55	65	2	1	1
13	58	62	2	1	1
14	59	61	2	1	1
15	53	67	2	1	1
16	60	60	2	1	1
17	53	67	2	1	1
18	66	54	2	1	1
19	54	66	2	1	1
20	59	61	2	1	1
21	63	57	2	1	1
22	59	61	2	1	1
23	61	59	2	1	1
24	56	64	2	1	1
25	59	61	2	1	1
26	59	61	2	1	1
27	63	57	2	1	1
28	61	59	2	1	1
29	56	64	2	1	1
30	62	58	2	1	1
31	62	58	2	1	1
32	58	62	2	1	1
33	63	57	2	1	1
34	53	67	2	1	1
35	64	56	2	1	1
36	54	66	2	1	1
37	61	59	2	1	1
38	52	68	2	1	1
39	57	63	2	1	1
40	67	53	2	1	1
41	56	64	2	1	2
42	51	69	2	1	2
43	56	64	2	1	2
44	56	64	2	1	2
45	47	73	2	1	2
46	43	77	2	1	2
47	54	66	2	1	2
48	54	66	2	1	2
49	54	66	2	1	2
50	56	64	2	1	2
51	56	64	2	1	2
52	56	64	2	1	2
53	43	77	2	1	2
54	50	70	2	1	2
55	50	70	2	1	2
56	50	70	2	1	2
57	61	59	2	1	2
58	46	74	2	1	2
59	49	71	2	1	2
60	43	77	2	1	2
61	60	60	2	1	1
62	56	64	2	1	1
63	64	56	2	1	1
64	62	58	2	1	1
65	67	53	2	1	1
66	52	68	2	1	1
67	61	59	2	1	1
68	64	56	2	1	1
69	62	58	2	1	1
70	63	57	2	1	1
71	65	55	2	1	1
72	47	73	2	1	1
73	54	66	2	1	1
74	50	70	2	1	1
75	64	56	2	1	1
76	52	68	2	1	1
77	64	56	2	1	1
78	66	54	2	1	1
79	58	62	2	1	1
80	60	60	2	1	1
81	50	70	2	0	2
82	45	75	2	0	2
83	48	72	2	0	2
84	42	78	2	0	2
85	46	74	2	0	2
86	53	67	2	0	2
87	43	77	2	0	2
88	42	78	2	0	2
89	44	76	2	0	2
90	56	64	2	0	2
91	45	75	2	0	2
92	45	75	2	0	2
93	52	68	2	0	2
94	51	69	2	0	2
95	48	72	2	0	2
96	52	68	2	0	2
97	40	80	2	0	2
98	50	70	2	0	2
99	46	74	2	0	2
100	48	72	2	0	2
