mutation_id	ref_counts	var_counts	normal_cn	minor_cn	major_cn
1	60	60	2	1	1
2	61	59	2	1	1
3	77	43	2	1	1
4	56	64	2	1	1
5	60	60	2	1	1
6	56	64	2	1	1
7	62	58	2	1	1
8	60	60	2	1	1
9	63	57	2	1	1
10	59	61	2	1	1
11	58	62	2	1	1
12	59	61	2	1	1
13	64	56	2	1	1
14	60	60	2	1	1
15	58	62	2	1	1
16	60	60	2	1	1
17	58	62	2	1	1
18	67	53	2	1	1
19	59	61	2	1	1
20	48	72	2	1	1
21	61	59	2	1	2
22	64	56	2	1	2
23	51	69	2	1	2
24	45	75	2	1	2
25	44	76	2	1	2
26	48	72	2	1	2
27	48	72	2	1	2
28	55	65	2	1	2
29	47	73	2	1	2
30	51	69	2	1	2
31	55	65	2	1	1
32	60	60	2	1	1
33	62	58	2	1	1
34	53	67	2	1	1
35	61	59	2	1	1
36	59	61	2	1	1
37	60	60	2	1	1
38	56	64	2	1	1
39	55	65	2	1	1
40	64	56	2	1	1
41	46	74	2	0	2
42	47	73	2	0	2
43	37	83	2	0	2
44	57	63	2	0	2
45	48	72	2	0	2
46	47	73	2	0	2
47	56	64	2	0	2
48	48	72	2	0	2
49	53	67	2	0	2
50	56	64	2	0	2
