mutation_id	ref_counts	var_counts	normal_cn	minor_cn	major_cn
1	32	28	2	1	1
2	25	35	2	1	1
3	27	33	2	1	1
4	36	24	2	1	1
5	28	32	2	1	1
6	36	24	2	1	1
7	34	26	2	1	1
8	28	32	2	1	1
9	26	34	2	1	1
10	28	32	2	1	1
11	27	33	2	1	1
12	35	25	2	1	1
13	31	29	2	1	1
14	32	28	2	1	1
15	32	28	2	1	1
16	26	34	2	1	1
17	30	30	2	1	1
18	31	29	2	1	1
19	28	32	2	1	1
20	28	32	2	1	1
21	23	37	2	1	2
22	28	32	2	1	2
23	24	36	2	1	2
24	29	31	2	1	2
25	22	38	2	1	2
26	29	31	2	1	2
27	27	33	2	1	2
28	24	36	2	1	2
29	27	33	2	1	2
30	24	36	2	1	2
31	29	31	2	1	1
32	17	43	2	1	1
33	23	37	2	1	1
34	34	26	2	1	1
35	29	31	2	1	1
36	33	27	2	1	1
37	30	30	2	1	1
38	26	34	2	1	1
39	34	26	2	1	1
40	28	32	2	1	1
41	22	38	2	0	2
42	21	39	2	0	2
43	20	40	2	0	2
44	22	38	2	0	2
45	23	37	2	0	2
46	22	38	2	0	2
47	25	35	2	0	2
48	28	32	2	0	2
49	24	36	2	0	2
50	21	39	2	0	2
