mutation_id	ref_counts	var_counts	normal_cn	minor_cn	major_cn
1	495	505	2	1	1
2	509	491	2	1	1
3	525	475	2	1	1
4	504	496	2	1	1
5	512	488	2	1	1
6	485	515	2	1	1
7	483	517	2	1	1
8	505	495	2	1	1
9	512	488	2	1	1
10	490	510	2	1	1
11	494	506	2	1	1
12	471	529	2	1	1
13	515	485	2	1	1
14	509	491	2	1	1
15	492	508	2	1	1
16	471	529	2	1	1
17	465	535	2	1	1
18	499	501	2	1	1
19	485	515	2	1	1
20	526	474	2	1	1
21	515	485	2	1	1
22	499	501	2	1	1
23	511	489	2	1	1
24	469	531	2	1	1
25	501	499	2	1	1
26	516	484	2	1	1
27	480	520	2	1	1
28	491	509	2	1	1
29	492	508	2	1	1
30	502	498	2	1	1
31	482	518	2	1	1
32	479	521	2	1	1
33	506	494	2	1	1
34	491	509	2	1	1
35	492	508	2	1	1
36	498	502	2	1	1
37	500	500	2	1	1
38	507	493	2	1	1
39	494	506	2	1	1
40	476	524	2	1	1
41	447	553	2	1	2
42	436	564	2	1	2
43	423	577	2	1	2
44	457	543	2	1	2
45	440	560	2	1	2
46	463	537	2	1	2
47	426	574	2	1	2
48	442	558	2	1	2
49	433	567	2	1	2
50	443	557	2	1	2
51	426	574	2	1	2
52	455	545	2	1	2
53	417	583	2	1	2
54	450	550	2	1	2
55	430	570	2	1	2
56	443	557	2	1	2
57	432	568	2	1	2
58	462	538	2	1	2
59	422	578	2	1	2
60	433	567	2	1	2
61	498	502	2	1	1
62	522	478	2	1	1
63	489	511	2	1	1
64	505	495	2	1	1
65	519	481	2	1	1
66	479	521	2	1	1
67	528	472	2	1	1
68	498	502	2	1	1
69	488	512	2	1	1
70	493	507	2	1	1
71	494	506	2	1	1
72	522	478	2	1	1
73	534	466	2	1	1
74	509	491	2	1	1
75	505	495	2	1	1
76	494	506	2	1	1
77	522	478	2	1	1
78	467	533	2	1	1
79	501	499	2	1	1
80	539	461	2	1	1
81	407	593	2	0	2
82	379	621	2	0	2
83	373	627	2	0	2
84	408	592	2	0	2
85	407	593	2	0	2
86	402	598	2	0	2
87	386	614	2	0	2
88	404	596	2	0	2
89	400	600	2	0	2
90	379	621	2	0	2
91	370	630	2	0	2
92	420	580	2	0	2
93	423	577	2	0	2
94	404	596	2	0	2
95	397	603	2	0	2
96	430	570	2	0	2
97	425	575	2	0	2
98	417	583	2	0	2
99	418	582	2	0	2
100	403	597	2	0	2
