mutation_id	ref_counts	var_counts	normal_cn	minor_cn	major_cn
1	14	16	2	1	1
2	15	15	2	1	1
3	16	14	2	1	1
4	18	12	2	1	1
5	14	16	2	1	1
6	14	16	2	1	1
7	11	19	2	1	1
8	10	20	2	1	1
9	22	8	2	1	1
10	16	14	2	1	1
11	15	15	2	1	1
12	15	15	2	1	1
13	12	18	2	1	1
14	13	17	2	1	1
15	14	16	2	1	1
16	19	11	2	1	1
17	18	12	2	1	1
18	19	11	2	1	1
19	16	14	2	1	1
20	18	12	2	1	1
21	12	18	2	1	2
22	13	17	2	1	2
23	8	22	2	1	2
24	20	10	2	1	2
25	16	14	2	1	2
26	14	16	2	1	2
27	14	16	2	1	2
28	9	21	2	1	2
29	18	12	2	1	2
30	13	17	2	1	2
31	17	13	2	1	1
32	10	20	2	1	1
33	16	14	2	1	1
34	15	15	2	1	1
35	12	18	2	1	1
36	15	15	2	1	1
37	11	19	2	1	1
38	14	16	2	1	1
39	19	11	2	1	1
40	16	14	2	1	1
41	12	18	2	0	2
42	16	14	2	0	2
43	11	19	2	0	2
44	10	20	2	0	2
45	10	20	2	0	2
46	13	17	2	0	2
47	14	16	2	0	2
48	13	17	2	0	2
49	9	21	2	0	2
50	10	20	2	0	2
