mutation_id	ref_counts	var_counts	normal_cn	minor_cn	major_cn
1	30	30	2	1	1
2	26	34	2	1	1
3	32	28	2	1	1
4	32	28	2	1	1
5	22	38	2	1	1
6	27	33	2	1	1
7	32	28	2	1	1
8	33	27	2	1	1
9	21	39	2	1	1
10	37	23	2	1	1
11	30	30	2	1	1
12	31	29	2	1	1
13	29	31	2	1	1
14	26	34	2	1	1
15	28	32	2	1	1
16	31	29	2	1	1
17	22	38	2	1	1
18	30	30	2	1	1
19	30	30	2	1	1
20	33	27	2	1	1
21	20	40	2	1	2
22	26	34	2	1	2
23	21	39	2	1	2
24	25	35	2	1	2
25	26	34	2	1	2
26	29	31	2	1	2
27	25	35	2	1	2
28	20	40	2	1	2
29	24	36	2	1	2
30	23	37	2	1	2
31	32	28	2	1	1
32	35	25	2	1	1
33	34	26	2	1	1
34	22	38	2	1	1
35	28	32	2	1	1
36	28	32	2	1	1
37	29	31	2	1	1
38	35	25	2	1	1
39	30	30	2	1	1
40	35	25	2	1	1
41	26	34	2	0	2
42	24	36	2	0	2
43	24	36	2	0	2
44	31	29	2	0	2
45	24	36	2	0	2
46	26	34	2	0	2
47	23	37	2	0	2
48	26	34	2	0	2
49	26	34	2	0	2
50	25	35	2	0	2
