mutation_id	ref_counts	var_counts	normal_cn	minor_cn	major_cn
1	500	500	2	1	1
2	490	510	2	1	1
3	509	491	2	1	1
4	513	487	2	1	1
5	516	484	2	1	1
6	500	500	2	1	1
7	477	523	2	1	1
8	486	514	2	1	1
9	516	484	2	1	1
10	516	484	2	1	1
11	514	486	2	1	1
12	501	499	2	1	1
13	493	507	2	1	1
14	494	506	2	1	1
15	485	515	2	1	1
16	497	503	2	1	1
17	497	503	2	1	1
18	513	487	2	1	1
19	510	490	2	1	1
20	505	495	2	1	1
21	445	555	2	1	2
22	437	563	2	1	2
23	452	548	2	1	2
24	404	596	2	1	2
25	399	601	2	1	2
26	448	552	2	1	2
27	434	566	2	1	2
28	443	557	2	1	2
29	422	578	2	1	2
30	446	554	2	1	2
31	503	497	2	1	1
32	517	483	2	1	1
33	503	497	2	1	1
34	494	506	2	1	1
35	514	486	2	1	1
36	518	482	2	1	1
37	523	477	2	1	1
38	464	536	2	1	1
39	489	511	2	1	1
40	485	515	2	1	1
41	370	630	2	0	2
42	401	599	2	0	2
43	400	600	2	0	2
44	395	605	2	0	2
45	384	616	2	0	2
46	390	610	2	0	2
47	404	596	2	0	2
48	415	585	2	0	2
49	382	618	2	0	2
50	414	586	2	0	2
