mutation_id	ref_counts	var_counts	normal_cn	minor_cn	major_cn
1	14	16	2	1	1
2	16	14	2	1	1
3	5	25	2	1	1
4	13	17	2	1	1
5	9	21	2	1	1
6	16	14	2	1	1
7	11	19	2	1	1
8	17	13	2	1	1
9	17	13	2	1	1
10	17	13	2	1	1
11	20	10	2	1	1
12	15	15	2	1	1
13	17	13	2	1	1
14	10	20	2	1	1
15	17	13	2	1	1
16	17	13	2	1	1
17	14	16	2	1	1
18	17	13	2	1	1
19	12	18	2	1	1
20	19	11	2	1	1
21	12	18	2	1	2
22	17	13	2	1	2
23	14	16	2	1	2
24	13	17	2	1	2
25	15	15	2	1	2
26	14	16	2	1	2
27	14	16	2	1	2
28	11	19	2	1	2
29	10	20	2	1	2
30	11	19	2	1	2
31	17	13	2	1	1
32	16	14	2	1	1
33	19	11	2	1	1
34	13	17	2	1	1
35	19	11	2	1	1
36	17	13	2	1	1
37	14	16	2	1	1
38	13	17	2	1	1
39	22	8	2	1	1
40	14	16	2	1	1
41	16	14	2	0	2
42	10	20	2	0	2
43	15	15	2	0	2
44	13	17	2	0	2
45	9	21	2	0	2
46	11	19	2	0	2
47	7	23	2	0	2
48	9	21	2	0	2
49	7	23	2	0	2
50	13	17	2	0	2
