mutation_id	ref_counts	var_counts	normal_cn	minor_cn	major_cn
1	28	32	2	1	1
2	23	37	2	1	1
3	30	30	2	1	1
4	35	25	2	1	1
5	32	28	2	1	1
6	31	29	2	1	1
7	29	31	2	1	1
8	36	24	2	1	1
9	28	32	2	1	1
10	34	26	2	1	1
11	29	31	2	1	1
12	33	27	2	1	1
13	33	27	2	1	1
14	32	28	2	1	1
15	37	23	2	1	1
16	32	28	2	1	1
17	35	25	2	1	1
18	36	24	2	1	1
19	26	34	2	1	1
20	34	26	2	1	1
21	25	35	2	1	2
22	26	34	2	1	2
23	18	42	2	1	2
24	30	30	2	1	2
25	25	35	2	1	2
26	26	34	2	1	2
27	28	32	2	1	2
28	23	37	2	1	2
29	34	26	2	1	2
30	25	35	2	1	2
31	30	30	2	1	1
32	29	31	2	1	1
33	33	27	2	1	1
34	34	26	2	1	1
35	30	30	2	1	1
36	38	22	2	1	1
37	23	37	2	1	1
38	31	29	2	1	1
39	32	28	2	1	1
40	37	23	2	1	1
41	26	34	2	0	2
42	25	35	2	0	2
43	29	31	2	0	2
44	22	38	2	0	2
45	29	31	2	0	2
46	19	41	2	0	2
47	20	40	2	0	2
48	21	39	2	0	2
49	25	35	2	0	2
50	24	36	2	0	2
