mutation_id	ref_counts	var_counts	normal_cn	minor_cn	major_cn
1	57	63	2	1	1
2	68	52	2	1	1
3	53	67	2	1	1
4	54	66	2	1	1
5	66	54	2	1	1
6	64	56	2	1	1
7	61	59	2	1	1
8	55	65	2	1	1
9	62	58	2	1	1
10	57	63	2	1	1
11	62	58	2	1	1
12	64	56	2	1	1
13	64	56	2	1	1
14	64	56	2	1	1
15	68	52	2	1	1
16	55	65	2	1	1
17	56	64	2	1	1
18	58	62	2	1	1
19	57	63	2	1	1
20	61	59	2	1	1
21	53	67	2	1	1
22	64	56	2	1	1
23	60	60	2	1	1
24	63	57	2	1	1
25	70	50	2	1	1
26	67	53	2	1	1
27	55	65	2	1	1
28	50	70	2	1	1
29	66	54	2	1	1
30	57	63	2	1	1
31	65	55	2	1	1
32	66	54	2	1	1
33	64	56	2	1	1
34	63	57	2	1	1
35	63	57	2	1	1
36	57	63	2	1	1
37	66	54	2	1	1
38	59	61	2	1	1
39	62	58	2	1	1
40	65	55	2	1	1
41	54	66	2	1	2
42	59	61	2	1	2
43	55	65	2	1	2
44	47	73	2	1	2
45	51	69	2	1	2
46	50	70	2	1	2
47	56	64	2	1	2
48	51	69	2	1	2
49	54	66	2	1	2
50	58	62	2	1	2
51	45	75	2	1	2
52	49	71	2	1	2
53	55	65	2	1	2
54	48	72	2	1	2
55	48	72	2	1	2
56	52	68	2	1	2
57	45	75	2	1	2
58	58	62	2	1	2
59	55	65	2	1	2
60	61	59	2	1	2
61	56	64	2	1	1
62	66	54	2	1	1
63	56	64	2	1	1
64	65	55	2	1	1
65	55	65	2	1	1
66	61	59	2	1	1
67	61	59	2	1	1
68	62	58	2	1	1
69	53	67	2	1	1
70	65	55	2	1	1
71	64	56	2	1	1
72	63	57	2	1	1
73	64	56	2	1	1
74	66	54	2	1	1
75	63	57	2	1	1
76	63	57	2	1	1
77	62	58	2	1	1
78	53	67	2	1	1
79	61	59	2	1	1
80	69	51	2	1	1
81	58	62	2	0	2
82	52	68	2	0	2
83	44	76	2	0	2
84	46	74	2	0	2
85	53	67	2	0	2
86	35	85	2	0	2
87	51	69	2	0	2
88	40	80	2	0	2
89	53	67	2	0	2
90	53	67	2	0	2
91	49	71	2	0	2
92	43	77	2	0	2
93	50	70	2	0	2
94	48	72	2	0	2
95	45	75	2	0	2
96	51	69	2	0	2
97	49	71	2	0	2
98	46	74	2	0	2
99	44	76	2	0	2
100	47	73	2	0	2
