mutation_id	ref_counts	var_counts	normal_cn	minor_cn	major_cn
1	492	508	2	1	1
2	500	500	2	1	1
3	497	503	2	1	1
4	500	500	2	1	1
5	498	502	2	1	1
6	504	496	2	1	1
7	520	480	2	1	1
8	494	506	2	1	1
9	498	502	2	1	1
10	532	468	2	1	1
11	488	512	2	1	1
12	509	491	2	1	1
13	503	497	2	1	1
14	508	492	2	1	1
15	493	507	2	1	1
16	516	484	2	1	1
17	509	491	2	1	1
18	485	515	2	1	1
19	493	507	2	1	1
20	517	483	2	1	1
21	437	563	2	1	2
22	431	569	2	1	2
23	454	546	2	1	2
24	414	586	2	1	2
25	428	572	2	1	2
26	441	559	2	1	2
27	437	563	2	1	2
28	414	586	2	1	2
29	447	553	2	1	2
30	446	554	2	1	2
31	508	492	2	1	1
32	504	496	2	1	1
33	493	507	2	1	1
34	518	482	2	1	1
35	471	529	2	1	1
36	484	516	2	1	1
37	508	492	2	1	1
38	499	501	2	1	1
39	490	510	2	1	1
40	488	512	2	1	1
41	396	604	2	0	2
42	413	587	2	0	2
43	385	615	2	0	2
44	415	585	2	0	2
45	408	592	2	0	2
46	399	601	2	0	2
47	376	624	2	0	2
48	393	607	2	0	2
49	402	598	2	0	2
50	412	588	2	0	2
