mutation_id	ref_counts	var_counts	normal_cn	minor_cn	major_cn
1	19	11	2	1	1
2	16	14	2	1	1
3	18	12	2	1	1
4	18	12	2	1	1
5	18	12	2	1	1
6	14	16	2	1	1
7	18	12	2	1	1
8	19	11	2	1	1
9	17	13	2	1	1
10	16	14	2	1	1
11	11	19	2	1	1
12	16	14	2	1	1
13	16	14	2	1	1
14	16	14	2	1	1
15	11	19	2	1	1
16	16	14	2	1	1
17	17	13	2	1	1
18	13	17	2	1	1
19	14	16	2	1	1
20	14	16	2	1	1
21	12	18	2	1	1
22	15	15	2	1	1
23	16	14	2	1	1
24	15	15	2	1	1
25	16	14	2	1	1
26	18	12	2	1	1
27	14	16	2	1	1
28	17	13	2	1	1
29	18	12	2	1	1
30	15	15	2	1	1
31	17	13	2	1	1
32	17	13	2	1	1
33	16	14	2	1	1
34	17	13	2	1	1
35	15	15	2	1	1
36	10	20	2	1	1
37	15	15	2	1	1
38	15	15	2	1	1
39	16	14	2	1	1
40	10	20	2	1	1
41	15	15	2	1	2
42	7	23	2	1	2
43	9	21	2	1	2
44	14	16	2	1	2
45	16	14	2	1	2
46	13	17	2	1	2
47	17	13	2	1	2
48	12	18	2	1	2
49	8	22	2	1	2
50	8	22	2	1	2
51	11	19	2	1	2
52	13	17	2	1	2
53	12	18	2	1	2
54	19	11	2	1	2
55	14	16	2	1	2
56	12	18	2	1	2
57	15	15	2	1	2
58	14	16	2	1	2
59	12	18	2	1	2
60	10	20	2	1	2
61	15	15	2	1	1
62	19	11	2	1	1
63	19	11	2	1	1
64	12	18	2	1	1
65	18	12	2	1	1
66	15	15	2	1	1
67	9	21	2	1	1
68	13	17	2	1	1
69	14	16	2	1	1
70	15	15	2	1	1
71	13	17	2	1	1
72	18	12	2	1	1
73	14	16	2	1	1
74	14	16	2	1	1
75	11	19	2	1	1
76	16	14	2	1	1
77	10	20	2	1	1
78	15	15	2	1	1
79	14	16	2	1	1
80	15	15	2	1	1
81	11	19	2	0	2
82	13	17	2	0	2
83	17	13	2	0	2
84	16	14	2	0	2
85	13	17	2	0	2
86	19	11	2	0	2
87	12	18	2	0	2
88	7	23	2	0	2
89	14	16	2	0	2
90	13	17	2	0	2
91	13	17	2	0	2
92	14	16	2	0	2
93	12	18	2	0	2
94	14	16	2	0	2
95	11	19	2	0	2
96	14	16	2	0	2
97	12	18	2	0	2
98	12	18	2	0	2
99	6	24	2	0	2
100	12	18	2	0	2
