mutation_id	ref_counts	var_counts	normal_cn	minor_cn	major_cn
1	31	29	2	1	1
2	33	27	2	1	1
3	31	29	2	1	1
4	28	32	2	1	1
5	31	29	2	1	1
6	28	32	2	1	1
7	23	37	2	1	1
8	21	39	2	1	1
9	27	33	2	1	1
10	33	27	2	1	1
11	32	28	2	1	1
12	31	29	2	1	1
13	24	36	2	1	1
14	23	37	2	1	1
15	18	42	2	1	1
16	31	29	2	1	1
17	35	25	2	1	1
18	36	24	2	1	1
19	30	30	2	1	1
20	28	32	2	1	1
21	31	29	2	1	1
22	30	30	2	1	1
23	29	31	2	1	1
24	31	29	2	1	1
25	30	30	2	1	1
26	30	30	2	1	1
27	34	26	2	1	1
28	29	31	2	1	1
29	26	34	2	1	1
30	28	32	2	1	1
31	25	35	2	1	1
32	31	29	2	1	1
33	26	34	2	1	1
34	28	32	2	1	1
35	25	35	2	1	1
36	29	31	2	1	1
37	31	29	2	1	1
38	28	32	2	1	1
39	30	30	2	1	1
40	31	29	2	1	1
41	22	38	2	1	2
42	30	30	2	1	2
43	28	32	2	1	2
44	32	28	2	1	2
45	28	32	2	1	2
46	29	31	2	1	2
47	26	34	2	1	2
48	22	38	2	1	2
49	26	34	2	1	2
50	23	37	2	1	2
51	22	38	2	1	2
52	26	34	2	1	2
53	27	33	2	1	2
54	21	39	2	1	2
55	29	31	2	1	2
56	24	36	2	1	2
57	27	33	2	1	2
58	28	32	2	1	2
59	25	35	2	1	2
60	25	35	2	1	2
61	32	28	2	1	1
62	31	29	2	1	1
63	27	33	2	1	1
64	31	29	2	1	1
65	27	33	2	1	1
66	29	31	2	1	1
67	37	23	2	1	1
68	38	22	2	1	1
69	26	34	2	1	1
70	26	34	2	1	1
71	29	31	2	1	1
72	28	32	2	1	1
73	35	25	2	1	1
74	21	39	2	1	1
75	31	29	2	1	1
76	34	26	2	1	1
77	34	26	2	1	1
78	30	30	2	1	1
79	24	36	2	1	1
80	32	28	2	1	1
81	21	39	2	0	2
82	24	36	2	0	2
83	20	40	2	0	2
84	25	35	2	0	2
85	24	36	2	0	2
86	22	38	2	0	2
87	22	38	2	0	2
88	25	35	2	0	2
89	20	40	2	0	2
90	24	36	2	0	2
91	21	39	2	0	2
92	22	38	2	0	2
93	27	33	2	0	2
94	25	35	2	0	2
95	15	45	2	0	2
96	21	39	2	0	2
97	23	37	2	0	2
98	23	37	2	0	2
99	30	30	2	0	2
100	20	40	2	0	2
