mutation_id	ref_counts	var_counts	normal_cn	minor_cn	major_cn
1	14	16	2	1	1
2	14	16	2	1	1
3	15	15	2	1	1
4	18	12	2	1	1
5	14	16	2	1	1
6	14	16	2	1	1
7	20	10	2	1	1
8	16	14	2	1	1
9	12	18	2	1	1
10	16	14	2	1	1
11	13	17	2	1	1
12	15	15	2	1	1
13	14	16	2	1	1
14	16	14	2	1	1
15	14	16	2	1	1
16	15	15	2	1	1
17	18	12	2	1	1
18	18	12	2	1	1
19	15	15	2	1	1
20	10	20	2	1	1
21	18	12	2	1	2
22	16	14	2	1	2
23	15	15	2	1	2
24	15	15	2	1	2
25	14	16	2	1	2
26	14	16	2	1	2
27	14	16	2	1	2
28	16	14	2	1	2
29	13	17	2	1	2
30	13	17	2	1	2
31	15	15	2	1	1
32	15	15	2	1	1
33	11	19	2	1	1
34	20	10	2	1	1
35	14	16	2	1	1
36	19	11	2	1	1
37	17	13	2	1	1
38	20	10	2	1	1
39	15	15	2	1	1
40	9	21	2	1	1
41	11	19	2	0	2
42	11	19	2	0	2
43	8	22	2	0	2
44	15	15	2	0	2
45	10	20	2	0	2
46	16	14	2	0	2
47	14	16	2	0	2
48	14	16	2	0	2
49	12	18	2	0	2
50	11	19	2	0	2
