mutation_id	ref_counts	var_counts	normal_cn	minor_cn	major_cn
1	497	503	2	1	1
2	487	513	2	1	1
3	511	489	2	1	1
4	497	503	2	1	1
5	495	505	2	1	1
6	514	486	2	1	1
7	534	466	2	1	1
8	503	497	2	1	1
9	512	488	2	1	1
10	510	490	2	1	1
11	483	517	2	1	1
12	510	490	2	1	1
13	493	507	2	1	1
14	514	486	2	1	1
15	523	477	2	1	1
16	514	486	2	1	1
17	486	514	2	1	1
18	516	484	2	1	1
19	478	522	2	1	1
20	510	490	2	1	1
21	434	566	2	1	2
22	409	591	2	1	2
23	412	588	2	1	2
24	434	566	2	1	2
25	423	577	2	1	2
26	444	556	2	1	2
27	459	541	2	1	2
28	434	566	2	1	2
29	417	583	2	1	2
30	417	583	2	1	2
31	484	516	2	1	1
32	512	488	2	1	1
33	527	473	2	1	1
34	524	476	2	1	1
35	495	505	2	1	1
36	475	525	2	1	1
37	502	498	2	1	1
38	499	501	2	1	1
39	490	510	2	1	1
40	509	491	2	1	1
41	386	614	2	0	2
42	436	564	2	0	2
43	403	597	2	0	2
44	389	611	2	0	2
45	396	604	2	0	2
46	405	595	2	0	2
47	400	600	2	0	2
48	408	592	2	0	2
49	380	620	2	0	2
50	419	581	2	0	2
