mutation_id	ref_counts	var_counts	normal_cn	minor_cn	major_cn
1	59	61	2	1	1
2	53	67	2	1	1
3	67	53	2	1	1
4	60	60	2	1	1
5	56	64	2	1	1
6	53	67	2	1	1
7	62	58	2	1	1
8	63	57	2	1	1
9	63	57	2	1	1
10	64	56	2	1	1
11	62	58	2	1	1
12	50	70	2	1	1
13	55	65	2	1	1
14	66	54	2	1	1
15	67	53	2	1	1
16	48	72	2	1	1
17	68	52	2	1	1
18	56	64	2	1	1
19	67	53	2	1	1
20	54	66	2	1	1
21	69	51	2	1	1
22	54	66	2	1	1
23	62	58	2	1	1
24	59	61	2	1	1
25	64	56	2	1	1
26	56	64	2	1	1
27	59	61	2	1	1
28	55	65	2	1	1
29	59	61	2	1	1
30	55	65	2	1	1
31	66	54	2	1	1
32	62	58	2	1	1
33	58	62	2	1	1
34	59	61	2	1	1
35	56	64	2	1	1
36	67	53	2	1	1
37	59	61	2	1	1
38	56	64	2	1	1
39	55	65	2	1	1
40	61	59	2	1	1
41	55	65	2	1	2
42	68	52	2	1	2
43	46	74	2	1	2
44	55	65	2	1	2
45	50	70	2	1	2
46	58	62	2	1	2
47	53	67	2	1	2
48	53	67	2	1	2
49	50	70	2	1	2
50	52	68	2	1	2
51	53	67	2	1	2
52	49	71	2	1	2
53	60	60	2	1	2
54	48	72	2	1	2
55	49	71	2	1	2
56	48	72	2	1	2
57	55	65	2	1	2
58	59	61	2	1	2
59	49	71	2	1	2
60	53	67	2	1	2
61	62	58	2	1	1
62	67	53	2	1	1
63	52	68	2	1	1
64	57	63	2	1	1
65	68	52	2	1	1
66	55	65	2	1	1
67	51	69	2	1	1
68	60	60	2	1	1
69	67	53	2	1	1
70	57	63	2	1	1
71	50	70	2	1	1
72	54	66	2	1	1
73	65	55	2	1	1
74	64	56	2	1	1
75	60	60	2	1	1
76	62	58	2	1	1
77	49	71	2	1	1
78	45	75	2	1	1
79	59	61	2	1	1
80	55	65	2	1	1
81	42	78	2	0	2
82	51	69	2	0	2
83	49	71	2	0	2
84	42	78	2	0	2
85	43	77	2	0	2
86	47	73	2	0	2
87	44	76	2	0	2
88	48	72	2	0	2
89	46	74	2	0	2
90	48	72	2	0	2
91	55	65	2	0	2
92	53	67	2	0	2
93	53	67	2	0	2
94	40	80	2	0	2
95	42	78	2	0	2
96	44	76	2	0	2
97	49	71	2	0	2
98	48	72	2	0	2
99	51	69	2	0	2
100	49	71	2	0	2
