mutation_id	ref_counts	var_counts	normal_cn	minor_cn	major_cn
1	26	34	2	1	1
2	30	30	2	1	1
3	29	31	2	1	1
4	28	32	2	1	1
5	37	23	2	1	1
6	24	36	2	1	1
7	31	29	2	1	1
8	25	35	2	1	1
9	28	32	2	1	1
10	27	33	2	1	1
11	33	27	2	1	1
12	28	32	2	1	1
13	32	28	2	1	1
14	34	26	2	1	1
15	31	29	2	1	1
16	30	30	2	1	1
17	23	37	2	1	1
18	28	32	2	1	1
19	31	29	2	1	1
20	37	23	2	1	1
21	24	36	2	1	2
22	28	32	2	1	2
23	28	32	2	1	2
24	16	44	2	1	2
25	29	31	2	1	2
26	29	31	2	1	2
27	22	38	2	1	2
28	27	33	2	1	2
29	24	36	2	1	2
30	23	37	2	1	2
31	33	27	2	1	1
32	31	29	2	1	1
33	30	30	2	1	1
34	32	28	2	1	1
35	28	32	2	1	1
36	29	31	2	1	1
37	28	32	2	1	1
38	29	31	2	1	1
39	26	34	2	1	1
40	28	32	2	1	1
41	23	37	2	0	2
42	23	37	2	0	2
43	30	30	2	0	2
44	23	37	2	0	2
45	28	32	2	0	2
46	20	40	2	0	2
47	20	40	2	0	2
48	30	30	2	0	2
49	19	41	2	0	2
50	21	39	2	0	2
