mutation_id	ref_counts	var_counts	normal_cn	minor_cn	major_cn
1	69	51	2	1	1
2	66	54	2	1	1
3	60	60	2	1	1
4	52	68	2	1	1
5	69	51	2	1	1
6	54	66	2	1	1
7	63	57	2	1	1
8	65	55	2	1	1
9	59	61	2	1	1
10	59	61	2	1	1
11	52	68	2	1	1
12	60	60	2	1	1
13	62	58	2	1	1
14	65	55	2	1	1
15	60	60	2	1	1
16	58	62	2	1	1
17	52	68	2	1	1
18	54	66	2	1	1
19	68	52	2	1	1
20	56	64	2	1	1
21	64	56	2	1	1
22	55	65	2	1	1
23	62	58	2	1	1
24	54	66	2	1	1
25	62	58	2	1	1
26	62	58	2	1	1
27	57	63	2	1	1
28	64	56	2	1	1
29	72	48	2	1	1
30	64	56	2	1	1
31	60	60	2	1	1
32	57	63	2	1	1
33	65	55	2	1	1
34	54	66	2	1	1
35	54	66	2	1	1
36	54	66	2	1	1
37	58	62	2	1	1
38	59	61	2	1	1
39	51	69	2	1	1
40	62	58	2	1	1
41	57	63	2	1	2
42	64	56	2	1	2
43	43	77	2	1	2
44	52	68	2	1	2
45	53	67	2	1	2
46	52	68	2	1	2
47	56	64	2	1	2
48	58	62	2	1	2
49	55	65	2	1	2
50	52	68	2	1	2
51	52	68	2	1	2
52	47	73	2	1	2
53	59	61	2	1	2
54	58	62	2	1	2
55	52	68	2	1	2
56	60	60	2	1	2
57	53	67	2	1	2
58	59	61	2	1	2
59	56	64	2	1	2
60	56	64	2	1	2
61	62	58	2	1	1
62	63	57	2	1	1
63	52	68	2	1	1
64	60	60	2	1	1
65	57	63	2	1	1
66	58	62	2	1	1
67	62	58	2	1	1
68	65	55	2	1	1
69	68	52	2	1	1
70	62	58	2	1	1
71	66	54	2	1	1
72	60	60	2	1	1
73	64	56	2	1	1
74	65	55	2	1	1
75	46	74	2	1	1
76	57	63	2	1	1
77	67	53	2	1	1
78	60	60	2	1	1
79	54	66	2	1	1
80	56	64	2	1	1
81	47	73	2	0	2
82	45	75	2	0	2
83	42	78	2	0	2
84	38	82	2	0	2
85	51	69	2	0	2
86	48	72	2	0	2
87	53	67	2	0	2
88	40	80	2	0	2
89	52	68	2	0	2
90	51	69	2	0	2
91	44	76	2	0	2
92	45	75	2	0	2
93	40	80	2	0	2
94	53	67	2	0	2
95	56	64	2	0	2
96	44	76	2	0	2
97	44	76	2	0	2
98	48	72	2	0	2
99	63	57	2	0	2
100	57	63	2	0	2
