mutation_id	ref_counts	var_counts	normal_cn	minor_cn	major_cn
1	32	28	2	1	1
2	26	34	2	1	1
3	32	28	2	1	1
4	28	32	2	1	1
5	28	32	2	1	1
6	29	31	2	1	1
7	27	33	2	1	1
8	29	31	2	1	1
9	31	29	2	1	1
10	27	33	2	1	1
11	22	38	2	1	1
12	26	34	2	1	1
13	26	34	2	1	1
14	32	28	2	1	1
15	25	35	2	1	1
16	32	28	2	1	1
17	33	27	2	1	1
18	35	25	2	1	1
19	34	26	2	1	1
20	28	32	2	1	1
21	31	29	2	1	2
22	33	27	2	1	2
23	27	33	2	1	2
24	21	39	2	1	2
25	24	36	2	1	2
26	17	43	2	1	2
27	27	33	2	1	2
28	22	38	2	1	2
29	32	28	2	1	2
30	30	30	2	1	2
31	21	39	2	1	1
32	31	29	2	1	1
33	35	25	2	1	1
34	24	36	2	1	1
35	29	31	2	1	1
36	30	30	2	1	1
37	34	26	2	1	1
38	34	26	2	1	1
39	25	35	2	1	1
40	27	33	2	1	1
41	22	38	2	0	2
42	19	41	2	0	2
43	19	41	2	0	2
44	18	42	2	0	2
45	24	36	2	0	2
46	22	38	2	0	2
47	27	33	2	0	2
48	24	36	2	0	2
49	24	36	2	0	2
50	27	33	2	0	2
