mutation_id	ref_counts	var_counts	normal_cn	minor_cn	major_cn
1	14	16	2	1	1
2	10	20	2	1	1
3	11	19	2	1	1
4	12	18	2	1	1
5	18	12	2	1	1
6	16	14	2	1	1
7	15	15	2	1	1
8	15	15	2	1	1
9	15	15	2	1	1
10	19	11	2	1	1
11	11	19	2	1	1
12	8	22	2	1	1
13	13	17	2	1	1
14	13	17	2	1	1
15	18	12	2	1	1
16	17	13	2	1	1
17	12	18	2	1	1
18	15	15	2	1	1
19	16	14	2	1	1
20	12	18	2	1	1
21	12	18	2	1	2
22	11	19	2	1	2
23	16	14	2	1	2
24	12	18	2	1	2
25	19	11	2	1	2
26	12	18	2	1	2
27	11	19	2	1	2
28	11	19	2	1	2
29	13	17	2	1	2
30	13	17	2	1	2
31	10	20	2	1	1
32	18	12	2	1	1
33	16	14	2	1	1
34	14	16	2	1	1
35	16	14	2	1	1
36	21	9	2	1	1
37	12	18	2	1	1
38	13	17	2	1	1
39	16	14	2	1	1
40	12	18	2	1	1
41	7	23	2	0	2
42	15	15	2	0	2
43	14	16	2	0	2
44	13	17	2	0	2
45	11	19	2	0	2
46	7	23	2	0	2
47	18	12	2	0	2
48	14	16	2	0	2
49	8	22	2	0	2
50	12	18	2	0	2
