mutation_id	ref_counts	var_counts	normal_cn	minor_cn	major_cn
1	30	30	2	1	1
2	30	30	2	1	1
3	27	33	2	1	1
4	27	33	2	1	1
5	27	33	2	1	1
6	30	30	2	1	1
7	37	23	2	1	1
8	26	34	2	1	1
9	35	25	2	1	1
10	32	28	2	1	1
11	23	37	2	1	1
12	33	27	2	1	1
13	28	32	2	1	1
14	29	31	2	1	1
15	25	35	2	1	1
16	32	28	2	1	1
17	29	31	2	1	1
18	26	34	2	1	1
19	32	28	2	1	1
20	29	31	2	1	1
21	30	30	2	1	1
22	32	28	2	1	1
23	30	30	2	1	1
24	36	24	2	1	1
25	24	36	2	1	1
26	27	33	2	1	1
27	24	36	2	1	1
28	29	31	2	1	1
29	26	34	2	1	1
30	34	26	2	1	1
31	25	35	2	1	1
32	25	35	2	1	1
33	30	30	2	1	1
34	29	31	2	1	1
35	26	34	2	1	1
36	30	30	2	1	1
37	30	30	2	1	1
38	29	31	2	1	1
39	27	33	2	1	1
40	26	34	2	1	1
41	24	36	2	1	2
42	32	28	2	1	2
43	28	32	2	1	2
44	31	29	2	1	2
45	26	34	2	1	2
46	25	35	2	1	2
47	23	37	2	1	2
48	27	33	2	1	2
49	26	34	2	1	2
50	23	37	2	1	2
51	24	36	2	1	2
52	28	32	2	1	2
53	28	32	2	1	2
54	24	36	2	1	2
55	27	33	2	1	2
56	21	39	2	1	2
57	28	32	2	1	2
58	23	37	2	1	2
59	18	42	2	1	2
60	31	29	2	1	2
61	30	30	2	1	1
62	26	34	2	1	1
63	29	31	2	1	1
64	34	26	2	1	1
65	34	26	2	1	1
66	35	25	2	1	1
67	29	31	2	1	1
68	33	27	2	1	1
69	27	33	2	1	1
70	29	31	2	1	1
71	27	33	2	1	1
72	33	27	2	1	1
73	30	30	2	1	1
74	33	27	2	1	1
75	31	29	2	1	1
76	30	30	2	1	1
77	31	29	2	1	1
78	33	27	2	1	1
79	32	28	2	1	1
80	24	36	2	1	1
81	26	34	2	0	2
82	25	35	2	0	2
83	24	36	2	0	2
84	25	35	2	0	2
85	22	38	2	0	2
86	22	38	2	0	2
87	27	33	2	0	2
88	25	35	2	0	2
89	18	42	2	0	2
90	24	36	2	0	2
91	21	39	2	0	2
92	26	34	2	0	2
93	18	42	2	0	2
94	29	31	2	0	2
95	23	37	2	0	2
96	24	36	2	0	2
97	23	37	2	0	2
98	25	35	2	0	2
99	26	34	2	0	2
100	28	32	2	0	2
