mutation_id	ref_counts	var_counts	normal_cn	minor_cn	major_cn
1	37	23	2	1	1
2	31	29	2	1	1
3	33	27	2	1	1
4	31	29	2	1	1
5	23	37	2	1	1
6	28	32	2	1	1
7	35	25	2	1	1
8	29	31	2	1	1
9	35	25	2	1	1
10	29	31	2	1	1
11	32	28	2	1	1
12	31	29	2	1	1
13	30	30	2	1	1
14	25	35	2	1	1
15	24	36	2	1	1
16	26	34	2	1	1
17	29	31	2	1	1
18	32	28	2	1	1
19	32	28	2	1	1
20	27	33	2	1	1
21	35	25	2	1	1
22	32	28	2	1	1
23	32	28	2	1	1
24	27	33	2	1	1
25	29	31	2	1	1
26	35	25	2	1	1
27	31	29	2	1	1
28	29	31	2	1	1
29	29	31	2	1	1
30	26	34	2	1	1
31	34	26	2	1	1
32	31	29	2	1	1
33	27	33	2	1	1
34	31	29	2	1	1
35	36	24	2	1	1
36	28	32	2	1	1
37	33	27	2	1	1
38	29	31	2	1	1
39	30	30	2	1	1
40	30	30	2	1	1
41	19	41	2	1	2
42	23	37	2	1	2
43	27	33	2	1	2
44	24	36	2	1	2
45	26	34	2	1	2
46	21	39	2	1	2
47	23	37	2	1	2
48	21	39	2	1	2
49	27	33	2	1	2
50	35	25	2	1	2
51	25	35	2	1	2
52	25	35	2	1	2
53	31	29	2	1	2
54	34	26	2	1	2
55	32	28	2	1	2
56	30	30	2	1	2
57	24	36	2	1	2
58	24	36	2	1	2
59	29	31	2	1	2
60	27	33	2	1	2
61	30	30	2	1	1
62	37	23	2	1	1
63	29	31	2	1	1
64	26	34	2	1	1
65	30	30	2	1	1
66	32	28	2	1	1
67	30	30	2	1	1
68	32	28	2	1	1
69	30	30	2	1	1
70	36	24	2	1	1
71	33	27	2	1	1
72	25	35	2	1	1
73	30	30	2	1	1
74	26	34	2	1	1
75	24	36	2	1	1
76	33	27	2	1	1
77	30	30	2	1	1
78	27	33	2	1	1
79	28	32	2	1	1
80	23	37	2	1	1
81	30	30	2	0	2
82	20	40	2	0	2
83	29	31	2	0	2
84	22	38	2	0	2
85	20	40	2	0	2
86	23	37	2	0	2
87	24	36	2	0	2
88	23	37	2	0	2
89	14	46	2	0	2
90	31	29	2	0	2
91	12	48	2	0	2
92	30	30	2	0	2
93	17	43	2	0	2
94	23	37	2	0	2
95	24	36	2	0	2
96	20	40	2	0	2
97	29	31	2	0	2
98	20	40	2	0	2
99	27	33	2	0	2
100	25	35	2	0	2
