mutation_id	ref_counts	var_counts	normal_cn	minor_cn	major_cn
1	70	50	2	1	1
2	58	62	2	1	1
3	61	59	2	1	1
4	57	63	2	1	1
5	56	64	2	1	1
6	60	60	2	1	1
7	51	69	2	1	1
8	61	59	2	1	1
9	66	54	2	1	1
10	56	64	2	1	1
11	53	67	2	1	1
12	59	61	2	1	1
13	55	65	2	1	1
14	46	74	2	1	1
15	59	61	2	1	1
16	64	56	2	1	1
17	61	59	2	1	1
18	63	57	2	1	1
19	62	58	2	1	1
20	59	61	2	1	1
21	55	65	2	1	1
22	65	55	2	1	1
23	51	69	2	1	1
24	57	63	2	1	1
25	49	71	2	1	1
26	59	61	2	1	1
27	62	58	2	1	1
28	60	60	2	1	1
29	64	56	2	1	1
30	55	65	2	1	1
31	64	56	2	1	1
32	66	54	2	1	1
33	60	60	2	1	1
34	62	58	2	1	1
35	48	72	2	1	1
36	56	64	2	1	1
37	57	63	2	1	1
38	55	65	2	1	1
39	62	58	2	1	1
40	65	55	2	1	1
41	49	71	2	1	2
42	56	64	2	1	2
43	50	70	2	1	2
44	52	68	2	1	2
45	45	75	2	1	2
46	50	70	2	1	2
47	58	62	2	1	2
48	49	71	2	1	2
49	53	67	2	1	2
50	57	63	2	1	2
51	54	66	2	1	2
52	62	58	2	1	2
53	40	80	2	1	2
54	41	79	2	1	2
55	53	67	2	1	2
56	59	61	2	1	2
57	49	71	2	1	2
58	54	66	2	1	2
59	49	71	2	1	2
60	53	67	2	1	2
61	63	57	2	1	1
62	60	60	2	1	1
63	54	66	2	1	1
64	61	59	2	1	1
65	60	60	2	1	1
66	64	56	2	1	1
67	60	60	2	1	1
68	65	55	2	1	1
69	55	65	2	1	1
70	63	57	2	1	1
71	56	64	2	1	1
72	51	69	2	1	1
73	58	62	2	1	1
74	59	61	2	1	1
75	64	56	2	1	1
76	61	59	2	1	1
77	65	55	2	1	1
78	52	68	2	1	1
79	61	59	2	1	1
80	51	69	2	1	1
81	43	77	2	0	2
82	50	70	2	0	2
83	48	72	2	0	2
84	55	65	2	0	2
85	41	79	2	0	2
86	53	67	2	0	2
87	42	78	2	0	2
88	47	73	2	0	2
89	52	68	2	0	2
90	47	73	2	0	2
91	46	74	2	0	2
92	47	73	2	0	2
93	38	82	2	0	2
94	50	70	2	0	2
95	42	78	2	0	2
96	46	74	2	0	2
97	49	71	2	0	2
98	44	76	2	0	2
99	45	75	2	0	2
100	46	74	2	0	2
