mutation_id	ref_counts	var_counts	normal_cn	minor_cn	major_cn
1	32	28	2	1	1
2	30	30	2	1	1
3	30	30	2	1	1
4	35	25	2	1	1
5	33	27	2	1	1
6	29	31	2	1	1
7	33	27	2	1	1
8	31	29	2	1	1
9	29	31	2	1	1
10	29	31	2	1	1
11	27	33	2	1	1
12	32	28	2	1	1
13	30	30	2	1	1
14	29	31	2	1	1
15	32	28	2	1	1
16	38	22	2	1	1
17	36	24	2	1	1
18	27	33	2	1	1
19	27	33	2	1	1
20	33	27	2	1	1
21	26	34	2	1	2
22	29	31	2	1	2
23	30	30	2	1	2
24	21	39	2	1	2
25	24	36	2	1	2
26	31	29	2	1	2
27	26	34	2	1	2
28	21	39	2	1	2
29	28	32	2	1	2
30	27	33	2	1	2
31	31	29	2	1	1
32	33	27	2	1	1
33	25	35	2	1	1
34	30	30	2	1	1
35	25	35	2	1	1
36	35	25	2	1	1
37	25	35	2	1	1
38	34	26	2	1	1
39	28	32	2	1	1
40	28	32	2	1	1
41	23	37	2	0	2
42	24	36	2	0	2
43	20	40	2	0	2
44	21	39	2	0	2
45	28	32	2	0	2
46	22	38	2	0	2
47	27	33	2	0	2
48	22	38	2	0	2
49	29	31	2	0	2
50	21	39	2	0	2
