mutation_id	ref_counts	var_counts	normal_cn	minor_cn	major_cn
1	31	29	2	1	1
2	28	32	2	1	1
3	32	28	2	1	1
4	25	35	2	1	1
5	30	30	2	1	1
6	29	31	2	1	1
7	31	29	2	1	1
8	33	27	2	1	1
9	23	37	2	1	1
10	35	25	2	1	1
11	26	34	2	1	1
12	26	34	2	1	1
13	28	32	2	1	1
14	29	31	2	1	1
15	33	27	2	1	1
16	33	27	2	1	1
17	32	28	2	1	1
18	29	31	2	1	1
19	34	26	2	1	1
20	35	25	2	1	1
21	30	30	2	1	1
22	30	30	2	1	1
23	26	34	2	1	1
24	33	27	2	1	1
25	23	37	2	1	1
26	37	23	2	1	1
27	23	37	2	1	1
28	32	28	2	1	1
29	34	26	2	1	1
30	32	28	2	1	1
31	27	33	2	1	1
32	37	23	2	1	1
33	34	26	2	1	1
34	30	30	2	1	1
35	27	33	2	1	1
36	33	27	2	1	1
37	32	28	2	1	1
38	29	31	2	1	1
39	28	32	2	1	1
40	25	35	2	1	1
41	27	33	2	1	2
42	31	29	2	1	2
43	23	37	2	1	2
44	26	34	2	1	2
45	25	35	2	1	2
46	34	26	2	1	2
47	30	30	2	1	2
48	26	34	2	1	2
49	22	38	2	1	2
50	29	31	2	1	2
51	27	33	2	1	2
52	22	38	2	1	2
53	37	23	2	1	2
54	18	42	2	1	2
55	21	39	2	1	2
56	29	31	2	1	2
57	29	31	2	1	2
58	19	41	2	1	2
59	26	34	2	1	2
60	29	31	2	1	2
61	29	31	2	1	1
62	27	33	2	1	1
63	35	25	2	1	1
64	29	31	2	1	1
65	32	28	2	1	1
66	28	32	2	1	1
67	29	31	2	1	1
68	30	30	2	1	1
69	32	28	2	1	1
70	31	29	2	1	1
71	29	31	2	1	1
72	31	29	2	1	1
73	36	24	2	1	1
74	32	28	2	1	1
75	30	30	2	1	1
76	30	30	2	1	1
77	27	33	2	1	1
78	29	31	2	1	1
79	24	36	2	1	1
80	26	34	2	1	1
81	20	40	2	0	2
82	26	34	2	0	2
83	22	38	2	0	2
84	24	36	2	0	2
85	23	37	2	0	2
86	19	41	2	0	2
87	26	34	2	0	2
88	22	38	2	0	2
89	25	35	2	0	2
90	25	35	2	0	2
91	27	33	2	0	2
92	18	42	2	0	2
93	26	34	2	0	2
94	31	29	2	0	2
95	18	42	2	0	2
96	22	38	2	0	2
97	26	34	2	0	2
98	25	35	2	0	2
99	23	37	2	0	2
100	27	33	2	0	2
