mutation_id	ref_counts	var_counts	normal_cn	minor_cn	major_cn
1	14	16	2	1	1
2	14	16	2	1	1
3	13	17	2	1	1
4	22	8	2	1	1
5	19	11	2	1	1
6	18	12	2	1	1
7	17	13	2	1	1
8	14	16	2	1	1
9	19	11	2	1	1
10	14	16	2	1	1
11	11	19	2	1	1
12	13	17	2	1	1
13	18	12	2	1	1
14	13	17	2	1	1
15	12	18	2	1	1
16	18	12	2	1	1
17	14	16	2	1	1
18	21	9	2	1	1
19	11	19	2	1	1
20	13	17	2	1	1
21	15	15	2	1	1
22	11	19	2	1	1
23	17	13	2	1	1
24	15	15	2	1	1
25	16	14	2	1	1
26	18	12	2	1	1
27	20	10	2	1	1
28	14	16	2	1	1
29	17	13	2	1	1
30	12	18	2	1	1
31	18	12	2	1	1
32	14	16	2	1	1
33	11	19	2	1	1
34	10	20	2	1	1
35	17	13	2	1	1
36	20	10	2	1	1
37	12	18	2	1	1
38	14	16	2	1	1
39	15	15	2	1	1
40	19	11	2	1	1
41	13	17	2	1	2
42	14	16	2	1	2
43	13	17	2	1	2
44	12	18	2	1	2
45	9	21	2	1	2
46	10	20	2	1	2
47	16	14	2	1	2
48	11	19	2	1	2
49	13	17	2	1	2
50	17	13	2	1	2
51	11	19	2	1	2
52	9	21	2	1	2
53	16	14	2	1	2
54	12	18	2	1	2
55	13	17	2	1	2
56	17	13	2	1	2
57	12	18	2	1	2
58	11	19	2	1	2
59	10	20	2	1	2
60	13	17	2	1	2
61	16	14	2	1	1
62	13	17	2	1	1
63	14	16	2	1	1
64	14	16	2	1	1
65	11	19	2	1	1
66	14	16	2	1	1
67	18	12	2	1	1
68	15	15	2	1	1
69	14	16	2	1	1
70	12	18	2	1	1
71	12	18	2	1	1
72	19	11	2	1	1
73	19	11	2	1	1
74	17	13	2	1	1
75	10	20	2	1	1
76	11	19	2	1	1
77	13	17	2	1	1
78	10	20	2	1	1
79	21	9	2	1	1
80	10	20	2	1	1
81	9	21	2	0	2
82	16	14	2	0	2
83	15	15	2	0	2
84	10	20	2	0	2
85	8	22	2	0	2
86	14	16	2	0	2
87	12	18	2	0	2
88	14	16	2	0	2
89	14	16	2	0	2
90	10	20	2	0	2
91	14	16	2	0	2
92	6	24	2	0	2
93	15	15	2	0	2
94	16	14	2	0	2
95	11	19	2	0	2
96	7	23	2	0	2
97	12	18	2	0	2
98	7	23	2	0	2
99	9	21	2	0	2
100	11	19	2	0	2
