mutation_id	ref_counts	var_counts	normal_cn	minor_cn	major_cn
1	62	58	2	1	1
2	59	61	2	1	1
3	61	59	2	1	1
4	57	63	2	1	1
5	62	58	2	1	1
6	68	52	2	1	1
7	64	56	2	1	1
8	75	45	2	1	1
9	58	62	2	1	1
10	67	53	2	1	1
11	54	66	2	1	1
12	61	59	2	1	1
13	64	56	2	1	1
14	63	57	2	1	1
15	54	66	2	1	1
16	56	64	2	1	1
17	72	48	2	1	1
18	60	60	2	1	1
19	48	72	2	1	1
20	56	64	2	1	1
21	55	65	2	1	2
22	53	67	2	1	2
23	55	65	2	1	2
24	52	68	2	1	2
25	51	69	2	1	2
26	55	65	2	1	2
27	52	68	2	1	2
28	64	56	2	1	2
29	49	71	2	1	2
30	43	77	2	1	2
31	64	56	2	1	1
32	58	62	2	1	1
33	64	56	2	1	1
34	69	51	2	1	1
35	61	59	2	1	1
36	55	65	2	1	1
37	64	56	2	1	1
38	57	63	2	1	1
39	54	66	2	1	1
40	59	61	2	1	1
41	49	71	2	0	2
42	51	69	2	0	2
43	53	67	2	0	2
44	40	80	2	0	2
45	44	76	2	0	2
46	42	78	2	0	2
47	47	73	2	0	2
48	41	79	2	0	2
49	45	75	2	0	2
50	61	59	2	0	2
