mutation_id	ref_counts	var_counts	normal_cn	minor_cn	major_cn
1	29	31	2	1	1
2	32	28	2	1	1
3	35	25	2	1	1
4	35	25	2	1	1
5	26	34	2	1	1
6	32	28	2	1	1
7	33	27	2	1	1
8	26	34	2	1	1
9	23	37	2	1	1
10	33	27	2	1	1
11	25	35	2	1	1
12	26	34	2	1	1
13	34	26	2	1	1
14	38	22	2	1	1
15	31	29	2	1	1
16	21	39	2	1	1
17	32	28	2	1	1
18	33	27	2	1	1
19	33	27	2	1	1
20	28	32	2	1	1
21	26	34	2	1	1
22	30	30	2	1	1
23	32	28	2	1	1
24	30	30	2	1	1
25	28	32	2	1	1
26	25	35	2	1	1
27	28	32	2	1	1
28	28	32	2	1	1
29	31	29	2	1	1
30	30	30	2	1	1
31	29	31	2	1	1
32	35	25	2	1	1
33	29	31	2	1	1
34	35	25	2	1	1
35	30	30	2	1	1
36	37	23	2	1	1
37	28	32	2	1	1
38	26	34	2	1	1
39	35	25	2	1	1
40	25	35	2	1	1
41	30	30	2	1	2
42	30	30	2	1	2
43	20	40	2	1	2
44	19	41	2	1	2
45	23	37	2	1	2
46	25	35	2	1	2
47	29	31	2	1	2
48	21	39	2	1	2
49	27	33	2	1	2
50	24	36	2	1	2
51	26	34	2	1	2
52	26	34	2	1	2
53	26	34	2	1	2
54	24	36	2	1	2
55	23	37	2	1	2
56	23	37	2	1	2
57	24	36	2	1	2
58	27	33	2	1	2
59	30	30	2	1	2
60	33	27	2	1	2
61	34	26	2	1	1
62	22	38	2	1	1
63	33	27	2	1	1
64	30	30	2	1	1
65	29	31	2	1	1
66	36	24	2	1	1
67	28	32	2	1	1
68	29	31	2	1	1
69	34	26	2	1	1
70	26	34	2	1	1
71	25	35	2	1	1
72	35	25	2	1	1
73	25	35	2	1	1
74	33	27	2	1	1
75	31	29	2	1	1
76	35	25	2	1	1
77	30	30	2	1	1
78	31	29	2	1	1
79	26	34	2	1	1
80	23	37	2	1	1
81	25	35	2	0	2
82	21	39	2	0	2
83	21	39	2	0	2
84	28	32	2	0	2
85	32	28	2	0	2
86	27	33	2	0	2
87	29	31	2	0	2
88	20	40	2	0	2
89	21	39	2	0	2
90	30	30	2	0	2
91	18	42	2	0	2
92	24	36	2	0	2
93	24	36	2	0	2
94	21	39	2	0	2
95	21	39	2	0	2
96	25	35	2	0	2
97	25	35	2	0	2
98	28	32	2	0	2
99	28	32	2	0	2
100	24	36	2	0	2
