mutation_id	ref_counts	var_counts	normal_cn	minor_cn	major_cn
1	27	33	2	1	1
2	29	31	2	1	1
3	31	29	2	1	1
4	35	25	2	1	1
5	28	32	2	1	1
6	32	28	2	1	1
7	34	26	2	1	1
8	31	29	2	1	1
9	29	31	2	1	1
10	27	33	2	1	1
11	31	29	2	1	1
12	20	40	2	1	1
13	31	29	2	1	1
14	31	29	2	1	1
15	27	33	2	1	1
16	27	33	2	1	1
17	31	29	2	1	1
18	26	34	2	1	1
19	25	35	2	1	1
20	31	29	2	1	1
21	30	30	2	1	2
22	26	34	2	1	2
23	24	36	2	1	2
24	28	32	2	1	2
25	21	39	2	1	2
26	28	32	2	1	2
27	16	44	2	1	2
28	28	32	2	1	2
29	27	33	2	1	2
30	27	33	2	1	2
31	35	25	2	1	1
32	31	29	2	1	1
33	31	29	2	1	1
34	32	28	2	1	1
35	27	33	2	1	1
36	32	28	2	1	1
37	31	29	2	1	1
38	30	30	2	1	1
39	27	33	2	1	1
40	28	32	2	1	1
41	21	39	2	0	2
42	26	34	2	0	2
43	19	41	2	0	2
44	31	29	2	0	2
45	23	37	2	0	2
46	27	33	2	0	2
47	22	38	2	0	2
48	23	37	2	0	2
49	20	40	2	0	2
50	27	33	2	0	2
