mutation_id	ref_counts	var_counts	normal_cn	minor_cn	major_cn
1	19	11	2	1	1
2	11	19	2	1	1
3	15	15	2	1	1
4	15	15	2	1	1
5	13	17	2	1	1
6	11	19	2	1	1
7	12	18	2	1	1
8	20	10	2	1	1
9	15	15	2	1	1
10	12	18	2	1	1
11	18	12	2	1	1
12	17	13	2	1	1
13	12	18	2	1	1
14	18	12	2	1	1
15	13	17	2	1	1
16	17	13	2	1	1
17	10	20	2	1	1
18	16	14	2	1	1
19	14	16	2	1	1
20	17	13	2	1	1
21	13	17	2	1	1
22	11	19	2	1	1
23	14	16	2	1	1
24	18	12	2	1	1
25	19	11	2	1	1
26	10	20	2	1	1
27	16	14	2	1	1
28	15	15	2	1	1
29	17	13	2	1	1
30	15	15	2	1	1
31	15	15	2	1	1
32	14	16	2	1	1
33	13	17	2	1	1
34	16	14	2	1	1
35	12	18	2	1	1
36	15	15	2	1	1
37	14	16	2	1	1
38	11	19	2	1	1
39	15	15	2	1	1
40	15	15	2	1	1
41	14	16	2	1	2
42	10	20	2	1	2
43	10	20	2	1	2
44	13	17	2	1	2
45	11	19	2	1	2
46	11	19	2	1	2
47	12	18	2	1	2
48	13	17	2	1	2
49	18	12	2	1	2
50	10	20	2	1	2
51	14	16	2	1	2
52	15	15	2	1	2
53	9	21	2	1	2
54	14	16	2	1	2
55	14	16	2	1	2
56	13	17	2	1	2
57	10	20	2	1	2
58	13	17	2	1	2
59	14	16	2	1	2
60	13	17	2	1	2
61	16	14	2	1	1
62	18	12	2	1	1
63	14	16	2	1	1
64	15	15	2	1	1
65	14	16	2	1	1
66	12	18	2	1	1
67	17	13	2	1	1
68	12	18	2	1	1
69	15	15	2	1	1
70	15	15	2	1	1
71	18	12	2	1	1
72	16	14	2	1	1
73	15	15	2	1	1
74	7	23	2	1	1
75	15	15	2	1	1
76	16	14	2	1	1
77	13	17	2	1	1
78	18	12	2	1	1
79	17	13	2	1	1
80	16	14	2	1	1
81	12	18	2	0	2
82	11	19	2	0	2
83	8	22	2	0	2
84	9	21	2	0	2
85	12	18	2	0	2
86	13	17	2	0	2
87	18	12	2	0	2
88	11	19	2	0	2
89	13	17	2	0	2
90	5	25	2	0	2
91	15	15	2	0	2
92	13	17	2	0	2
93	11	19	2	0	2
94	14	16	2	0	2
95	16	14	2	0	2
96	13	17	2	0	2
97	13	17	2	0	2
98	7	23	2	0	2
99	11	19	2	0	2
100	3	27	2	0	2
