mutation_id	ref_counts	var_counts	normal_cn	minor_cn	major_cn
1	65	55	2	1	1
2	64	56	2	1	1
3	61	59	2	1	1
4	60	60	2	1	1
5	56	64	2	1	1
6	73	47	2	1	1
7	57	63	2	1	1
8	66	54	2	1	1
9	57	63	2	1	1
10	59	61	2	1	1
11	55	65	2	1	1
12	59	61	2	1	1
13	57	63	2	1	1
14	68	52	2	1	1
15	59	61	2	1	1
16	60	60	2	1	1
17	64	56	2	1	1
18	67	53	2	1	1
19	53	67	2	1	1
20	58	62	2	1	1
21	51	69	2	1	2
22	57	63	2	1	2
23	53	67	2	1	2
24	45	75	2	1	2
25	54	66	2	1	2
26	51	69	2	1	2
27	54	66	2	1	2
28	51	69	2	1	2
29	47	73	2	1	2
30	52	68	2	1	2
31	57	63	2	1	1
32	54	66	2	1	1
33	58	62	2	1	1
34	53	67	2	1	1
35	69	51	2	1	1
36	51	69	2	1	1
37	48	72	2	1	1
38	58	62	2	1	1
39	62	58	2	1	1
40	55	65	2	1	1
41	48	72	2	0	2
42	50	70	2	0	2
43	49	71	2	0	2
44	60	60	2	0	2
45	44	76	2	0	2
46	39	81	2	0	2
47	47	73	2	0	2
48	46	74	2	0	2
49	48	72	2	0	2
50	41	79	2	0	2
