mutation_id	ref_counts	var_counts	normal_cn	minor_cn	major_cn
1	16	14	2	1	1
2	14	16	2	1	1
3	15	15	2	1	1
4	13	17	2	1	1
5	16	14	2	1	1
6	21	9	2	1	1
7	15	15	2	1	1
8	12	18	2	1	1
9	16	14	2	1	1
10	13	17	2	1	1
11	16	14	2	1	1
12	13	17	2	1	1
13	16	14	2	1	1
14	17	13	2	1	1
15	16	14	2	1	1
16	16	14	2	1	1
17	14	16	2	1	1
18	16	14	2	1	1
19	14	16	2	1	1
20	10	20	2	1	1
21	17	13	2	1	1
22	16	14	2	1	1
23	17	13	2	1	1
24	12	18	2	1	1
25	13	17	2	1	1
26	13	17	2	1	1
27	18	12	2	1	1
28	17	13	2	1	1
29	16	14	2	1	1
30	17	13	2	1	1
31	6	24	2	1	1
32	14	16	2	1	1
33	12	18	2	1	1
34	16	14	2	1	1
35	12	18	2	1	1
36	16	14	2	1	1
37	16	14	2	1	1
38	16	14	2	1	1
39	14	16	2	1	1
40	18	12	2	1	1
41	11	19	2	1	2
42	7	23	2	1	2
43	12	18	2	1	2
44	9	21	2	1	2
45	20	10	2	1	2
46	15	15	2	1	2
47	9	21	2	1	2
48	15	15	2	1	2
49	10	20	2	1	2
50	8	22	2	1	2
51	14	16	2	1	2
52	13	17	2	1	2
53	16	14	2	1	2
54	16	14	2	1	2
55	13	17	2	1	2
56	19	11	2	1	2
57	14	16	2	1	2
58	15	15	2	1	2
59	11	19	2	1	2
60	13	17	2	1	2
61	15	15	2	1	1
62	13	17	2	1	1
63	17	13	2	1	1
64	15	15	2	1	1
65	14	16	2	1	1
66	15	15	2	1	1
67	13	17	2	1	1
68	10	20	2	1	1
69	15	15	2	1	1
70	13	17	2	1	1
71	21	9	2	1	1
72	17	13	2	1	1
73	15	15	2	1	1
74	15	15	2	1	1
75	12	18	2	1	1
76	11	19	2	1	1
77	13	17	2	1	1
78	19	11	2	1	1
79	15	15	2	1	1
80	14	16	2	1	1
81	6	24	2	0	2
82	14	16	2	0	2
83	18	12	2	0	2
84	12	18	2	0	2
85	10	20	2	0	2
86	16	14	2	0	2
87	14	16	2	0	2
88	12	18	2	0	2
89	12	18	2	0	2
90	8	22	2	0	2
91	12	18	2	0	2
92	12	18	2	0	2
93	13	17	2	0	2
94	11	19	2	0	2
95	13	17	2	0	2
96	10	20	2	0	2
97	13	17	2	0	2
98	10	20	2	0	2
99	15	15	2	0	2
100	9	21	2	0	2
