mutation_id	ref_counts	var_counts	normal_cn	minor_cn	major_cn
1	30	30	2	1	1
2	29	31	2	1	1
3	29	31	2	1	1
4	31	29	2	1	1
5	26	34	2	1	1
6	28	32	2	1	1
7	36	24	2	1	1
8	31	29	2	1	1
9	29	31	2	1	1
10	25	35	2	1	1
11	31	29	2	1	1
12	34	26	2	1	1
13	27	33	2	1	1
14	29	31	2	1	1
15	26	34	2	1	1
16	24	36	2	1	1
17	35	25	2	1	1
18	35	25	2	1	1
19	32	28	2	1	1
20	34	26	2	1	1
21	29	31	2	1	2
22	24	36	2	1	2
23	29	31	2	1	2
24	24	36	2	1	2
25	27	33	2	1	2
26	25	35	2	1	2
27	23	37	2	1	2
28	24	36	2	1	2
29	26	34	2	1	2
30	18	42	2	1	2
31	26	34	2	1	1
32	33	27	2	1	1
33	28	32	2	1	1
34	24	36	2	1	1
35	35	25	2	1	1
36	36	24	2	1	1
37	38	22	2	1	1
38	27	33	2	1	1
39	23	37	2	1	1
40	35	25	2	1	1
41	24	36	2	0	2
42	24	36	2	0	2
43	30	30	2	0	2
44	23	37	2	0	2
45	24	36	2	0	2
46	26	34	2	0	2
47	24	36	2	0	2
48	24	36	2	0	2
49	21	39	2	0	2
50	18	42	2	0	2
