mutation_id	ref_counts	var_counts	normal_cn	minor_cn	major_cn
1	509	491	2	1	1
2	505	495	2	1	1
3	505	495	2	1	1
4	513	487	2	1	1
5	487	513	2	1	1
6	492	508	2	1	1
7	539	461	2	1	1
8	484	516	2	1	1
9	501	499	2	1	1
10	516	484	2	1	1
11	515	485	2	1	1
12	496	504	2	1	1
13	487	513	2	1	1
14	510	490	2	1	1
15	481	519	2	1	1
16	498	502	2	1	1
17	492	508	2	1	1
18	486	514	2	1	1
19	517	483	2	1	1
20	516	484	2	1	1
21	495	505	2	1	1
22	495	505	2	1	1
23	495	505	2	1	1
24	511	489	2	1	1
25	502	498	2	1	1
26	501	499	2	1	1
27	511	489	2	1	1
28	515	485	2	1	1
29	496	504	2	1	1
30	534	466	2	1	1
31	492	508	2	1	1
32	471	529	2	1	1
33	499	501	2	1	1
34	477	523	2	1	1
35	483	517	2	1	1
36	507	493	2	1	1
37	492	508	2	1	1
38	489	511	2	1	1
39	523	477	2	1	1
40	514	486	2	1	1
41	467	533	2	1	2
42	451	549	2	1	2
43	430	570	2	1	2
44	448	552	2	1	2
45	461	539	2	1	2
46	430	570	2	1	2
47	444	556	2	1	2
48	434	566	2	1	2
49	423	577	2	1	2
50	424	576	2	1	2
51	440	560	2	1	2
52	426	574	2	1	2
53	434	566	2	1	2
54	446	554	2	1	2
55	439	561	2	1	2
56	438	562	2	1	2
57	439	561	2	1	2
58	432	568	2	1	2
59	424	576	2	1	2
60	439	561	2	1	2
61	524	476	2	1	1
62	494	506	2	1	1
63	486	514	2	1	1
64	506	494	2	1	1
65	508	492	2	1	1
66	517	483	2	1	1
67	481	519	2	1	1
68	480	520	2	1	1
69	474	526	2	1	1
70	497	503	2	1	1
71	485	515	2	1	1
72	487	513	2	1	1
73	489	511	2	1	1
74	520	480	2	1	1
75	499	501	2	1	1
76	487	513	2	1	1
77	496	504	2	1	1
78	486	514	2	1	1
79	487	513	2	1	1
80	499	501	2	1	1
81	394	606	2	0	2
82	394	606	2	0	2
83	385	615	2	0	2
84	365	635	2	0	2
85	403	597	2	0	2
86	393	607	2	0	2
87	372	628	2	0	2
88	403	597	2	0	2
89	416	584	2	0	2
90	408	592	2	0	2
91	385	615	2	0	2
92	426	574	2	0	2
93	416	584	2	0	2
94	399	601	2	0	2
95	417	583	2	0	2
96	402	598	2	0	2
97	386	614	2	0	2
98	411	589	2	0	2
99	388	612	2	0	2
100	388	612	2	0	2
