mutation_id	ref_counts	var_counts	normal_cn	minor_cn	major_cn
1	62	58	2	1	1
2	62	58	2	1	1
3	57	63	2	1	1
4	60	60	2	1	1
5	50	70	2	1	1
6	59	61	2	1	1
7	60	60	2	1	1
8	55	65	2	1	1
9	63	57	2	1	1
10	60	60	2	1	1
11	63	57	2	1	1
12	56	64	2	1	1
13	62	58	2	1	1
14	54	66	2	1	1
15	65	55	2	1	1
16	63	57	2	1	1
17	64	56	2	1	1
18	61	59	2	1	1
19	67	53	2	1	1
20	59	61	2	1	1
21	53	67	2	1	2
22	48	72	2	1	2
23	48	72	2	1	2
24	52	68	2	1	2
25	51	69	2	1	2
26	55	65	2	1	2
27	39	81	2	1	2
28	63	57	2	1	2
29	48	72	2	1	2
30	51	69	2	1	2
31	59	61	2	1	1
32	57	63	2	1	1
33	66	54	2	1	1
34	64	56	2	1	1
35	59	61	2	1	1
36	61	59	2	1	1
37	60	60	2	1	1
38	57	63	2	1	1
39	61	59	2	1	1
40	65	55	2	1	1
41	48	72	2	0	2
42	47	73	2	0	2
43	44	76	2	0	2
44	50	70	2	0	2
45	41	79	2	0	2
46	45	75	2	0	2
47	53	67	2	0	2
48	47	73	2	0	2
49	39	81	2	0	2
50	45	75	2	0	2
