mutation_id	ref_counts	var_counts	normal_cn	minor_cn	major_cn
1	494	506	2	1	1
2	497	503	2	1	1
3	517	483	2	1	1
4	507	493	2	1	1
5	520	480	2	1	1
6	483	517	2	1	1
7	520	480	2	1	1
8	488	512	2	1	1
9	497	503	2	1	1
10	496	504	2	1	1
11	478	522	2	1	1
12	474	526	2	1	1
13	504	496	2	1	1
14	501	499	2	1	1
15	521	479	2	1	1
16	499	501	2	1	1
17	531	469	2	1	1
18	501	499	2	1	1
19	527	473	2	1	1
20	506	494	2	1	1
21	451	549	2	1	2
22	418	582	2	1	2
23	452	548	2	1	2
24	427	573	2	1	2
25	435	565	2	1	2
26	439	561	2	1	2
27	428	572	2	1	2
28	451	549	2	1	2
29	420	580	2	1	2
30	426	574	2	1	2
31	508	492	2	1	1
32	474	526	2	1	1
33	527	473	2	1	1
34	476	524	2	1	1
35	525	475	2	1	1
36	518	482	2	1	1
37	492	508	2	1	1
38	482	518	2	1	1
39	490	510	2	1	1
40	508	492	2	1	1
41	379	621	2	0	2
42	406	594	2	0	2
43	420	580	2	0	2
44	399	601	2	0	2
45	390	610	2	0	2
46	410	590	2	0	2
47	440	560	2	0	2
48	403	597	2	0	2
49	380	620	2	0	2
50	396	604	2	0	2
