mutation_id	ref_counts	var_counts	normal_cn	minor_cn	major_cn
1	56	64	2	1	1
2	72	48	2	1	1
3	55	65	2	1	1
4	56	64	2	1	1
5	50	70	2	1	1
6	53	67	2	1	1
7	67	53	2	1	1
8	58	62	2	1	1
9	71	49	2	1	1
10	67	53	2	1	1
11	50	70	2	1	1
12	56	64	2	1	1
13	61	59	2	1	1
14	60	60	2	1	1
15	66	54	2	1	1
16	58	62	2	1	1
17	70	50	2	1	1
18	52	68	2	1	1
19	57	63	2	1	1
20	58	62	2	1	1
21	53	67	2	1	1
22	63	57	2	1	1
23	55	65	2	1	1
24	60	60	2	1	1
25	53	67	2	1	1
26	62	58	2	1	1
27	61	59	2	1	1
28	64	56	2	1	1
29	75	45	2	1	1
30	75	45	2	1	1
31	50	70	2	1	1
32	65	55	2	1	1
33	59	61	2	1	1
34	48	72	2	1	1
35	55	65	2	1	1
36	54	66	2	1	1
37	59	61	2	1	1
38	51	69	2	1	1
39	62	58	2	1	1
40	59	61	2	1	1
41	48	72	2	1	2
42	48	72	2	1	2
43	53	67	2	1	2
44	55	65	2	1	2
45	43	77	2	1	2
46	48	72	2	1	2
47	50	70	2	1	2
48	47	73	2	1	2
49	56	64	2	1	2
50	47	73	2	1	2
51	52	68	2	1	2
52	50	70	2	1	2
53	50	70	2	1	2
54	53	67	2	1	2
55	45	75	2	1	2
56	52	68	2	1	2
57	51	69	2	1	2
58	50	70	2	1	2
59	55	65	2	1	2
60	55	65	2	1	2
61	55	65	2	1	1
62	55	65	2	1	1
63	67	53	2	1	1
64	60	60	2	1	1
65	61	59	2	1	1
66	54	66	2	1	1
67	59	61	2	1	1
68	48	72	2	1	1
69	61	59	2	1	1
70	62	58	2	1	1
71	53	67	2	1	1
72	49	71	2	1	1
73	65	55	2	1	1
74	63	57	2	1	1
75	52	68	2	1	1
76	58	62	2	1	1
77	56	64	2	1	1
78	56	64	2	1	1
79	65	55	2	1	1
80	54	66	2	1	1
81	48	72	2	0	2
82	49	71	2	0	2
83	39	81	2	0	2
84	46	74	2	0	2
85	38	82	2	0	2
86	50	70	2	0	2
87	55	65	2	0	2
88	43	77	2	0	2
89	48	72	2	0	2
90	50	70	2	0	2
91	49	71	2	0	2
92	46	74	2	0	2
93	55	65	2	0	2
94	48	72	2	0	2
95	51	69	2	0	2
96	55	65	2	0	2
97	59	61	2	0	2
98	47	73	2	0	2
99	38	82	2	0	2
100	46	74	2	0	2
