mutation_id	ref_counts	var_counts	normal_cn	minor_cn	major_cn
1	16	14	2	1	1
2	13	17	2	1	1
3	13	17	2	1	1
4	19	11	2	1	1
5	15	15	2	1	1
6	17	13	2	1	1
7	17	13	2	1	1
8	15	15	2	1	1
9	19	11	2	1	1
10	14	16	2	1	1
11	16	14	2	1	1
12	14	16	2	1	1
13	7	23	2	1	1
14	10	20	2	1	1
15	17	13	2	1	1
16	13	17	2	1	1
17	17	13	2	1	1
18	8	22	2	1	1
19	17	13	2	1	1
20	16	14	2	1	1
21	12	18	2	1	1
22	11	19	2	1	1
23	15	15	2	1	1
24	16	14	2	1	1
25	15	15	2	1	1
26	13	17	2	1	1
27	12	18	2	1	1
28	12	18	2	1	1
29	17	13	2	1	1
30	15	15	2	1	1
31	13	17	2	1	1
32	21	9	2	1	1
33	12	18	2	1	1
34	15	15	2	1	1
35	20	10	2	1	1
36	16	14	2	1	1
37	14	16	2	1	1
38	16	14	2	1	1
39	14	16	2	1	1
40	19	11	2	1	1
41	8	22	2	1	2
42	10	20	2	1	2
43	15	15	2	1	2
44	14	16	2	1	2
45	12	18	2	1	2
46	12	18	2	1	2
47	11	19	2	1	2
48	17	13	2	1	2
49	18	12	2	1	2
50	18	12	2	1	2
51	12	18	2	1	2
52	11	19	2	1	2
53	13	17	2	1	2
54	15	15	2	1	2
55	15	15	2	1	2
56	13	17	2	1	2
57	9	21	2	1	2
58	16	14	2	1	2
59	15	15	2	1	2
60	12	18	2	1	2
61	10	20	2	1	1
62	22	8	2	1	1
63	15	15	2	1	1
64	14	16	2	1	1
65	11	19	2	1	1
66	15	15	2	1	1
67	16	14	2	1	1
68	11	19	2	1	1
69	16	14	2	1	1
70	15	15	2	1	1
71	17	13	2	1	1
72	12	18	2	1	1
73	16	14	2	1	1
74	14	16	2	1	1
75	16	14	2	1	1
76	18	12	2	1	1
77	21	9	2	1	1
78	14	16	2	1	1
79	22	8	2	1	1
80	12	18	2	1	1
81	13	17	2	0	2
82	17	13	2	0	2
83	8	22	2	0	2
84	12	18	2	0	2
85	12	18	2	0	2
86	13	17	2	0	2
87	14	16	2	0	2
88	11	19	2	0	2
89	12	18	2	0	2
90	11	19	2	0	2
91	13	17	2	0	2
92	13	17	2	0	2
93	17	13	2	0	2
94	7	23	2	0	2
95	13	17	2	0	2
96	18	12	2	0	2
97	10	20	2	0	2
98	13	17	2	0	2
99	10	20	2	0	2
100	9	21	2	0	2
