mutation_id	ref_counts	var_counts	normal_cn	minor_cn	major_cn
1	66	54	2	1	1
2	63	57	2	1	1
3	61	59	2	1	1
4	59	61	2	1	1
5	59	61	2	1	1
6	59	61	2	1	1
7	65	55	2	1	1
8	64	56	2	1	1
9	64	56	2	1	1
10	67	53	2	1	1
11	68	52	2	1	1
12	57	63	2	1	1
13	60	60	2	1	1
14	62	58	2	1	1
15	65	55	2	1	1
16	64	56	2	1	1
17	61	59	2	1	1
18	58	62	2	1	1
19	65	55	2	1	1
20	63	57	2	1	1
21	63	57	2	1	1
22	50	70	2	1	1
23	52	68	2	1	1
24	58	62	2	1	1
25	66	54	2	1	1
26	52	68	2	1	1
27	52	68	2	1	1
28	64	56	2	1	1
29	62	58	2	1	1
30	55	65	2	1	1
31	72	48	2	1	1
32	68	52	2	1	1
33	61	59	2	1	1
34	61	59	2	1	1
35	60	60	2	1	1
36	59	61	2	1	1
37	60	60	2	1	1
38	55	65	2	1	1
39	63	57	2	1	1
40	60	60	2	1	1
41	50	70	2	1	2
42	50	70	2	1	2
43	56	64	2	1	2
44	59	61	2	1	2
45	64	56	2	1	2
46	52	68	2	1	2
47	52	68	2	1	2
48	48	72	2	1	2
49	50	70	2	1	2
50	53	67	2	1	2
51	57	63	2	1	2
52	51	69	2	1	2
53	59	61	2	1	2
54	51	69	2	1	2
55	48	72	2	1	2
56	56	64	2	1	2
57	46	74	2	1	2
58	52	68	2	1	2
59	55	65	2	1	2
60	52	68	2	1	2
61	60	60	2	1	1
62	66	54	2	1	1
63	62	58	2	1	1
64	60	60	2	1	1
65	53	67	2	1	1
66	63	57	2	1	1
67	60	60	2	1	1
68	57	63	2	1	1
69	58	62	2	1	1
70	58	62	2	1	1
71	56	64	2	1	1
72	63	57	2	1	1
73	57	63	2	1	1
74	60	60	2	1	1
75	51	69	2	1	1
76	53	67	2	1	1
77	61	59	2	1	1
78	60	60	2	1	1
79	61	59	2	1	1
80	60	60	2	1	1
81	43	77	2	0	2
82	51	69	2	0	2
83	51	69	2	0	2
84	47	73	2	0	2
85	44	76	2	0	2
86	46	74	2	0	2
87	48	72	2	0	2
88	51	69	2	0	2
89	44	76	2	0	2
90	41	79	2	0	2
91	38	82	2	0	2
92	46	74	2	0	2
93	47	73	2	0	2
94	44	76	2	0	2
95	43	77	2	0	2
96	39	81	2	0	2
97	42	78	2	0	2
98	54	66	2	0	2
99	39	81	2	0	2
100	51	69	2	0	2
