mutation_id	ref_counts	var_counts	normal_cn	minor_cn	major_cn
1	16	14	2	1	1
2	13	17	2	1	1
3	13	17	2	1	1
4	17	13	2	1	1
5	15	15	2	1	1
6	13	17	2	1	1
7	16	14	2	1	1
8	16	14	2	1	1
9	19	11	2	1	1
10	10	20	2	1	1
11	19	11	2	1	1
12	13	17	2	1	1
13	16	14	2	1	1
14	12	18	2	1	1
15	16	14	2	1	1
16	13	17	2	1	1
17	17	13	2	1	1
18	17	13	2	1	1
19	14	16	2	1	1
20	17	13	2	1	1
21	10	20	2	1	2
22	13	17	2	1	2
23	14	16	2	1	2
24	15	15	2	1	2
25	15	15	2	1	2
26	13	17	2	1	2
27	14	16	2	1	2
28	12	18	2	1	2
29	12	18	2	1	2
30	13	17	2	1	2
31	12	18	2	1	1
32	17	13	2	1	1
33	17	13	2	1	1
34	15	15	2	1	1
35	15	15	2	1	1
36	9	21	2	1	1
37	13	17	2	1	1
38	13	17	2	1	1
39	18	12	2	1	1
40	15	15	2	1	1
41	11	19	2	0	2
42	13	17	2	0	2
43	10	20	2	0	2
44	10	20	2	0	2
45	15	15	2	0	2
46	10	20	2	0	2
47	13	17	2	0	2
48	18	12	2	0	2
49	15	15	2	0	2
50	14	16	2	0	2
