mutation_id	ref_counts	var_counts	normal_cn	minor_cn	major_cn
1	13	17	2	1	1
2	17	13	2	1	1
3	20	10	2	1	1
4	14	16	2	1	1
5	16	14	2	1	1
6	14	16	2	1	1
7	14	16	2	1	1
8	11	19	2	1	1
9	17	13	2	1	1
10	14	16	2	1	1
11	16	14	2	1	1
12	11	19	2	1	1
13	15	15	2	1	1
14	14	16	2	1	1
15	23	7	2	1	1
16	13	17	2	1	1
17	14	16	2	1	1
18	19	11	2	1	1
19	18	12	2	1	1
20	16	14	2	1	1
21	11	19	2	1	2
22	11	19	2	1	2
23	13	17	2	1	2
24	12	18	2	1	2
25	13	17	2	1	2
26	13	17	2	1	2
27	10	20	2	1	2
28	15	15	2	1	2
29	9	21	2	1	2
30	15	15	2	1	2
31	12	18	2	1	1
32	11	19	2	1	1
33	16	14	2	1	1
34	15	15	2	1	1
35	10	20	2	1	1
36	11	19	2	1	1
37	14	16	2	1	1
38	14	16	2	1	1
39	7	23	2	1	1
40	13	17	2	1	1
41	10	20	2	0	2
42	11	19	2	0	2
43	9	21	2	0	2
44	8	22	2	0	2
45	15	15	2	0	2
46	11	19	2	0	2
47	11	19	2	0	2
48	9	21	2	0	2
49	10	20	2	0	2
50	7	23	2	0	2
