mutation_id	ref_counts	var_counts	normal_cn	minor_cn	major_cn
1	15	15	2	1	1
2	10	20	2	1	1
3	15	15	2	1	1
4	18	12	2	1	1
5	18	12	2	1	1
6	11	19	2	1	1
7	14	16	2	1	1
8	15	15	2	1	1
9	18	12	2	1	1
10	9	21	2	1	1
11	19	11	2	1	1
12	14	16	2	1	1
13	17	13	2	1	1
14	19	11	2	1	1
15	16	14	2	1	1
16	15	15	2	1	1
17	16	14	2	1	1
18	17	13	2	1	1
19	20	10	2	1	1
20	10	20	2	1	1
21	9	21	2	1	2
22	17	13	2	1	2
23	12	18	2	1	2
24	11	19	2	1	2
25	12	18	2	1	2
26	15	15	2	1	2
27	13	17	2	1	2
28	11	19	2	1	2
29	11	19	2	1	2
30	19	11	2	1	2
31	15	15	2	1	1
32	13	17	2	1	1
33	14	16	2	1	1
34	22	8	2	1	1
35	11	19	2	1	1
36	14	16	2	1	1
37	17	13	2	1	1
38	11	19	2	1	1
39	16	14	2	1	1
40	14	16	2	1	1
41	14	16	2	0	2
42	9	21	2	0	2
43	12	18	2	0	2
44	8	22	2	0	2
45	16	14	2	0	2
46	12	18	2	0	2
47	11	19	2	0	2
48	13	17	2	0	2
49	8	22	2	0	2
50	14	16	2	0	2
