mutation_id	ref_counts	var_counts	normal_cn	minor_cn	major_cn
1	63	57	2	1	1
2	53	67	2	1	1
3	63	57	2	1	1
4	59	61	2	1	1
5	62	58	2	1	1
6	56	64	2	1	1
7	62	58	2	1	1
8	69	51	2	1	1
9	49	71	2	1	1
10	51	69	2	1	1
11	74	46	2	1	1
12	55	65	2	1	1
13	63	57	2	1	1
14	51	69	2	1	1
15	57	63	2	1	1
16	67	53	2	1	1
17	55	65	2	1	1
18	60	60	2	1	1
19	63	57	2	1	1
20	60	60	2	1	1
21	54	66	2	1	2
22	52	68	2	1	2
23	51	69	2	1	2
24	63	57	2	1	2
25	59	61	2	1	2
26	42	78	2	1	2
27	51	69	2	1	2
28	48	72	2	1	2
29	58	62	2	1	2
30	51	69	2	1	2
31	56	64	2	1	1
32	51	69	2	1	1
33	67	53	2	1	1
34	66	54	2	1	1
35	53	67	2	1	1
36	62	58	2	1	1
37	61	59	2	1	1
38	62	58	2	1	1
39	51	69	2	1	1
40	66	54	2	1	1
41	44	76	2	0	2
42	46	74	2	0	2
43	46	74	2	0	2
44	51	69	2	0	2
45	50	70	2	0	2
46	55	65	2	0	2
47	49	71	2	0	2
48	45	75	2	0	2
49	50	70	2	0	2
50	49	71	2	0	2
