mutation_id	ref_counts	var_counts	normal_cn	minor_cn	major_cn
1	63	57	2	1	1
2	60	60	2	1	1
3	65	55	2	1	1
4	54	66	2	1	1
5	55	65	2	1	1
6	62	58	2	1	1
7	61	59	2	1	1
8	56	64	2	1	1
9	54	66	2	1	1
10	66	54	2	1	1
11	52	68	2	1	1
12	67	53	2	1	1
13	55	65	2	1	1
14	54	66	2	1	1
15	52	68	2	1	1
16	55	65	2	1	1
17	58	62	2	1	1
18	67	53	2	1	1
19	57	63	2	1	1
20	60	60	2	1	1
21	54	66	2	1	1
22	57	63	2	1	1
23	61	59	2	1	1
24	59	61	2	1	1
25	57	63	2	1	1
26	62	58	2	1	1
27	64	56	2	1	1
28	62	58	2	1	1
29	58	62	2	1	1
30	56	64	2	1	1
31	53	67	2	1	1
32	62	58	2	1	1
33	60	60	2	1	1
34	60	60	2	1	1
35	58	62	2	1	1
36	64	56	2	1	1
37	59	61	2	1	1
38	57	63	2	1	1
39	54	66	2	1	1
40	55	65	2	1	1
41	54	66	2	1	2
42	51	69	2	1	2
43	57	63	2	1	2
44	50	70	2	1	2
45	49	71	2	1	2
46	54	66	2	1	2
47	53	67	2	1	2
48	53	67	2	1	2
49	52	68	2	1	2
50	60	60	2	1	2
51	48	72	2	1	2
52	61	59	2	1	2
53	56	64	2	1	2
54	55	65	2	1	2
55	51	69	2	1	2
56	56	64	2	1	2
57	51	69	2	1	2
58	56	64	2	1	2
59	54	66	2	1	2
60	54	66	2	1	2
61	58	62	2	1	1
62	71	49	2	1	1
63	65	55	2	1	1
64	60	60	2	1	1
65	57	63	2	1	1
66	54	66	2	1	1
67	70	50	2	1	1
68	58	62	2	1	1
69	56	64	2	1	1
70	61	59	2	1	1
71	59	61	2	1	1
72	58	62	2	1	1
73	54	66	2	1	1
74	61	59	2	1	1
75	60	60	2	1	1
76	57	63	2	1	1
77	57	63	2	1	1
78	58	62	2	1	1
79	68	52	2	1	1
80	67	53	2	1	1
81	38	82	2	0	2
82	47	73	2	0	2
83	56	64	2	0	2
84	52	68	2	0	2
85	49	71	2	0	2
86	53	67	2	0	2
87	54	66	2	0	2
88	49	71	2	0	2
89	49	71	2	0	2
90	51	69	2	0	2
91	42	78	2	0	2
92	46	74	2	0	2
93	45	75	2	0	2
94	41	79	2	0	2
95	52	68	2	0	2
96	43	77	2	0	2
97	52	68	2	0	2
98	47	73	2	0	2
99	47	73	2	0	2
100	50	70	2	0	2
