mutation_id	ref_counts	var_counts	normal_cn	minor_cn	major_cn
1	18	12	2	1	1
2	14	16	2	1	1
3	17	13	2	1	1
4	16	14	2	1	1
5	15	15	2	1	1
6	11	19	2	1	1
7	18	12	2	1	1
8	15	15	2	1	1
9	12	18	2	1	1
10	18	12	2	1	1
11	12	18	2	1	1
12	15	15	2	1	1
13	16	14	2	1	1
14	15	15	2	1	1
15	15	15	2	1	1
16	14	16	2	1	1
17	9	21	2	1	1
18	12	18	2	1	1
19	18	12	2	1	1
20	12	18	2	1	1
21	11	19	2	1	2
22	13	17	2	1	2
23	13	17	2	1	2
24	10	20	2	1	2
25	9	21	2	1	2
26	11	19	2	1	2
27	15	15	2	1	2
28	15	15	2	1	2
29	14	16	2	1	2
30	20	10	2	1	2
31	12	18	2	1	1
32	16	14	2	1	1
33	12	18	2	1	1
34	17	13	2	1	1
35	12	18	2	1	1
36	15	15	2	1	1
37	16	14	2	1	1
38	15	15	2	1	1
39	16	14	2	1	1
40	17	13	2	1	1
41	16	14	2	0	2
42	13	17	2	0	2
43	15	15	2	0	2
44	13	17	2	0	2
45	12	18	2	0	2
46	13	17	2	0	2
47	10	20	2	0	2
48	16	14	2	0	2
49	13	17	2	0	2
50	13	17	2	0	2
