mutation_id	ref_counts	var_counts	normal_cn	minor_cn	major_cn
1	472	528	2	1	1
2	505	495	2	1	1
3	501	499	2	1	1
4	519	481	2	1	1
5	478	522	2	1	1
6	501	499	2	1	1
7	504	496	2	1	1
8	469	531	2	1	1
9	518	482	2	1	1
10	487	513	2	1	1
11	489	511	2	1	1
12	494	506	2	1	1
13	485	515	2	1	1
14	520	480	2	1	1
15	492	508	2	1	1
16	509	491	2	1	1
17	516	484	2	1	1
18	486	514	2	1	1
19	492	508	2	1	1
20	490	510	2	1	1
21	461	539	2	1	2
22	434	566	2	1	2
23	421	579	2	1	2
24	421	579	2	1	2
25	444	556	2	1	2
26	441	559	2	1	2
27	428	572	2	1	2
28	422	578	2	1	2
29	420	580	2	1	2
30	445	555	2	1	2
31	525	475	2	1	1
32	494	506	2	1	1
33	480	520	2	1	1
34	500	500	2	1	1
35	488	512	2	1	1
36	461	539	2	1	1
37	519	481	2	1	1
38	500	500	2	1	1
39	511	489	2	1	1
40	477	523	2	1	1
41	408	592	2	0	2
42	386	614	2	0	2
43	408	592	2	0	2
44	383	617	2	0	2
45	408	592	2	0	2
46	408	592	2	0	2
47	388	612	2	0	2
48	378	622	2	0	2
49	398	602	2	0	2
50	377	623	2	0	2
