mutation_id	ref_counts	var_counts	normal_cn	minor_cn	major_cn
1	491	509	2	1	1
2	494	506	2	1	1
3	501	499	2	1	1
4	535	465	2	1	1
5	507	493	2	1	1
6	507	493	2	1	1
7	495	505	2	1	1
8	498	502	2	1	1
9	477	523	2	1	1
10	499	501	2	1	1
11	539	461	2	1	1
12	514	486	2	1	1
13	562	438	2	1	1
14	558	442	2	1	1
15	561	439	2	1	1
16	526	474	2	1	1
17	548	452	2	1	1
18	531	469	2	1	1
19	540	460	2	1	1
20	533	467	2	1	1
21	666	334	2	1	2
22	706	294	2	1	2
23	686	314	2	1	2
24	684	316	2	1	2
25	684	316	2	1	2
26	686	314	2	1	2
27	718	282	2	1	2
28	696	304	2	1	2
29	701	299	2	1	2
30	674	326	2	1	2
31	920	80	2	1	1
32	931	69	2	1	1
33	929	71	2	1	1
34	926	74	2	1	1
35	935	65	2	1	1
36	919	81	2	1	1
37	931	69	2	1	1
38	916	84	2	1	1
39	930	70	2	1	1
40	941	59	2	1	1
41	795	205	2	0	2
42	800	200	2	0	2
43	794	206	2	0	2
44	808	192	2	0	2
45	825	175	2	0	2
46	808	192	2	0	2
47	803	197	2	0	2
48	792	208	2	0	2
49	805	195	2	0	2
50	818	182	2	0	2
