mutation_id	ref_counts	var_counts	normal_cn	minor_cn	major_cn
1	14	16	2	1	1
2	16	14	2	1	1
3	13	17	2	1	1
4	15	15	2	1	1
5	11	19	2	1	1
6	13	17	2	1	1
7	11	19	2	1	1
8	10	20	2	1	1
9	15	15	2	1	1
10	15	15	2	1	1
11	22	8	2	1	1
12	18	12	2	1	1
13	18	12	2	1	1
14	16	14	2	1	1
15	14	16	2	1	1
16	17	13	2	1	1
17	9	21	2	1	1
18	16	14	2	1	1
19	14	16	2	1	1
20	13	17	2	1	1
21	17	13	2	1	2
22	19	11	2	1	2
23	18	12	2	1	2
24	23	7	2	1	2
25	19	11	2	1	2
26	21	9	2	1	2
27	20	10	2	1	2
28	14	16	2	1	2
29	24	6	2	1	2
30	23	7	2	1	2
31	28	2	2	1	1
32	27	3	2	1	1
33	26	4	2	1	1
34	26	4	2	1	1
35	28	2	2	1	1
36	30	0	2	1	1
37	26	4	2	1	1
38	28	2	2	1	1
39	28	2	2	1	1
40	27	3	2	1	1
41	23	7	2	0	2
42	26	4	2	0	2
43	23	7	2	0	2
44	27	3	2	0	2
45	23	7	2	0	2
46	25	5	2	0	2
47	24	6	2	0	2
48	24	6	2	0	2
49	24	6	2	0	2
50	27	3	2	0	2
