mutation_id	ref_counts	var_counts	normal_cn	minor_cn	major_cn
1	63	57	2	1	1
2	61	59	2	1	1
3	65	55	2	1	1
4	62	58	2	1	1
5	67	53	2	1	1
6	68	52	2	1	1
7	62	58	2	1	1
8	68	52	2	1	1
9	70	50	2	1	1
10	55	65	2	1	1
11	62	58	2	1	1
12	57	63	2	1	1
13	48	72	2	1	1
14	60	60	2	1	1
15	52	68	2	1	1
16	60	60	2	1	1
17	67	53	2	1	1
18	67	53	2	1	1
19	55	65	2	1	1
20	64	56	2	1	1
21	65	55	2	1	1
22	71	49	2	1	1
23	65	55	2	1	1
24	74	46	2	1	1
25	72	48	2	1	1
26	54	66	2	1	1
27	69	51	2	1	1
28	62	58	2	1	1
29	67	53	2	1	1
30	65	55	2	1	1
31	62	58	2	1	1
32	68	52	2	1	1
33	67	53	2	1	1
34	70	50	2	1	1
35	59	61	2	1	1
36	64	56	2	1	1
37	70	50	2	1	1
38	62	58	2	1	1
39	62	58	2	1	1
40	76	44	2	1	1
41	77	43	2	1	2
42	82	38	2	1	2
43	84	36	2	1	2
44	81	39	2	1	2
45	99	21	2	1	2
46	90	30	2	1	2
47	84	36	2	1	2
48	86	34	2	1	2
49	82	38	2	1	2
50	77	43	2	1	2
51	89	31	2	1	2
52	75	45	2	1	2
53	88	32	2	1	2
54	89	31	2	1	2
55	82	38	2	1	2
56	75	45	2	1	2
57	83	37	2	1	2
58	82	38	2	1	2
59	78	42	2	1	2
60	89	31	2	1	2
61	116	4	2	1	1
62	109	11	2	1	1
63	110	10	2	1	1
64	110	10	2	1	1
65	111	9	2	1	1
66	117	3	2	1	1
67	113	7	2	1	1
68	112	8	2	1	1
69	112	8	2	1	1
70	116	4	2	1	1
71	110	10	2	1	1
72	112	8	2	1	1
73	113	7	2	1	1
74	114	6	2	1	1
75	110	10	2	1	1
76	106	14	2	1	1
77	109	11	2	1	1
78	110	10	2	1	1
79	107	13	2	1	1
80	111	9	2	1	1
81	93	27	2	0	2
82	97	23	2	0	2
83	94	26	2	0	2
84	98	22	2	0	2
85	99	21	2	0	2
86	92	28	2	0	2
87	90	30	2	0	2
88	92	28	2	0	2
89	91	29	2	0	2
90	98	22	2	0	2
91	98	22	2	0	2
92	97	23	2	0	2
93	101	19	2	0	2
94	98	22	2	0	2
95	95	25	2	0	2
96	99	21	2	0	2
97	99	21	2	0	2
98	101	19	2	0	2
99	99	21	2	0	2
100	95	25	2	0	2
