mutation_id	ref_counts	var_counts	normal_cn	minor_cn	major_cn
1	69	51	2	1	1
2	63	57	2	1	1
3	62	58	2	1	1
4	65	55	2	1	1
5	65	55	2	1	1
6	70	50	2	1	1
7	50	70	2	1	1
8	60	60	2	1	1
9	58	62	2	1	1
10	60	60	2	1	1
11	68	52	2	1	1
12	58	62	2	1	1
13	49	71	2	1	1
14	53	67	2	1	1
15	58	62	2	1	1
16	55	65	2	1	1
17	63	57	2	1	1
18	65	55	2	1	1
19	65	55	2	1	1
20	62	58	2	1	1
21	77	43	2	1	1
22	65	55	2	1	1
23	69	51	2	1	1
24	60	60	2	1	1
25	68	52	2	1	1
26	63	57	2	1	1
27	71	49	2	1	1
28	64	56	2	1	1
29	68	52	2	1	1
30	65	55	2	1	1
31	74	46	2	1	1
32	69	51	2	1	1
33	73	47	2	1	1
34	67	53	2	1	1
35	65	55	2	1	1
36	55	65	2	1	1
37	66	54	2	1	1
38	73	47	2	1	1
39	64	56	2	1	1
40	71	49	2	1	1
41	90	30	2	1	2
42	88	32	2	1	2
43	77	43	2	1	2
44	84	36	2	1	2
45	85	35	2	1	2
46	91	29	2	1	2
47	83	37	2	1	2
48	82	38	2	1	2
49	84	36	2	1	2
50	88	32	2	1	2
51	78	42	2	1	2
52	69	51	2	1	2
53	83	37	2	1	2
54	91	29	2	1	2
55	89	31	2	1	2
56	89	31	2	1	2
57	82	38	2	1	2
58	79	41	2	1	2
59	84	36	2	1	2
60	80	40	2	1	2
61	107	13	2	1	1
62	109	11	2	1	1
63	114	6	2	1	1
64	110	10	2	1	1
65	111	9	2	1	1
66	115	5	2	1	1
67	111	9	2	1	1
68	107	13	2	1	1
69	113	7	2	1	1
70	112	8	2	1	1
71	107	13	2	1	1
72	112	8	2	1	1
73	115	5	2	1	1
74	111	9	2	1	1
75	112	8	2	1	1
76	107	13	2	1	1
77	110	10	2	1	1
78	114	6	2	1	1
79	109	11	2	1	1
80	109	11	2	1	1
81	103	17	2	0	2
82	83	37	2	0	2
83	99	21	2	0	2
84	93	27	2	0	2
85	100	20	2	0	2
86	86	34	2	0	2
87	101	19	2	0	2
88	100	20	2	0	2
89	102	18	2	0	2
90	105	15	2	0	2
91	96	24	2	0	2
92	99	21	2	0	2
93	97	23	2	0	2
94	99	21	2	0	2
95	97	23	2	0	2
96	100	20	2	0	2
97	95	25	2	0	2
98	98	22	2	0	2
99	92	28	2	0	2
100	95	25	2	0	2
