mutation_id	ref_counts	var_counts	normal_cn	minor_cn	major_cn
1	13	17	2	1	1
2	15	15	2	1	1
3	15	15	2	1	1
4	15	15	2	1	1
5	11	19	2	1	1
6	14	16	2	1	1
7	15	15	2	1	1
8	13	17	2	1	1
9	16	14	2	1	1
10	13	17	2	1	1
11	16	14	2	1	1
12	18	12	2	1	1
13	13	17	2	1	1
14	13	17	2	1	1
15	20	10	2	1	1
16	22	8	2	1	1
17	14	16	2	1	1
18	15	15	2	1	1
19	21	9	2	1	1
20	13	17	2	1	1
21	20	10	2	1	2
22	26	4	2	1	2
23	21	9	2	1	2
24	21	9	2	1	2
25	16	14	2	1	2
26	22	8	2	1	2
27	18	12	2	1	2
28	23	7	2	1	2
29	18	12	2	1	2
30	15	15	2	1	2
31	25	5	2	1	1
32	26	4	2	1	1
33	28	2	2	1	1
34	28	2	2	1	1
35	28	2	2	1	1
36	29	1	2	1	1
37	26	4	2	1	1
38	28	2	2	1	1
39	27	3	2	1	1
40	28	2	2	1	1
41	25	5	2	0	2
42	26	4	2	0	2
43	25	5	2	0	2
44	25	5	2	0	2
45	26	4	2	0	2
46	21	9	2	0	2
47	25	5	2	0	2
48	26	4	2	0	2
49	24	6	2	0	2
50	21	9	2	0	2
