mutation_id	ref_counts	var_counts	normal_cn	minor_cn	major_cn
1	20	10	2	1	1
2	11	19	2	1	1
3	14	16	2	1	1
4	12	18	2	1	1
5	12	18	2	1	1
6	14	16	2	1	1
7	10	20	2	1	1
8	12	18	2	1	1
9	15	15	2	1	1
10	11	19	2	1	1
11	12	18	2	1	1
12	13	17	2	1	1
13	21	9	2	1	1
14	18	12	2	1	1
15	13	17	2	1	1
16	11	19	2	1	1
17	17	13	2	1	1
18	14	16	2	1	1
19	13	17	2	1	1
20	18	12	2	1	1
21	16	14	2	1	1
22	18	12	2	1	1
23	17	13	2	1	1
24	14	16	2	1	1
25	20	10	2	1	1
26	16	14	2	1	1
27	21	9	2	1	1
28	16	14	2	1	1
29	15	15	2	1	1
30	14	16	2	1	1
31	15	15	2	1	1
32	21	9	2	1	1
33	14	16	2	1	1
34	13	17	2	1	1
35	20	10	2	1	1
36	23	7	2	1	1
37	16	14	2	1	1
38	17	13	2	1	1
39	19	11	2	1	1
40	13	17	2	1	1
41	23	7	2	1	2
42	21	9	2	1	2
43	22	8	2	1	2
44	19	11	2	1	2
45	22	8	2	1	2
46	19	11	2	1	2
47	23	7	2	1	2
48	24	6	2	1	2
49	18	12	2	1	2
50	19	11	2	1	2
51	22	8	2	1	2
52	22	8	2	1	2
53	19	11	2	1	2
54	23	7	2	1	2
55	21	9	2	1	2
56	20	10	2	1	2
57	20	10	2	1	2
58	20	10	2	1	2
59	20	10	2	1	2
60	21	9	2	1	2
61	29	1	2	1	1
62	29	1	2	1	1
63	28	2	2	1	1
64	30	0	2	1	1
65	29	1	2	1	1
66	29	1	2	1	1
67	28	2	2	1	1
68	28	2	2	1	1
69	27	3	2	1	1
70	29	1	2	1	1
71	28	2	2	1	1
72	27	3	2	1	1
73	29	1	2	1	1
74	29	1	2	1	1
75	27	3	2	1	1
76	27	3	2	1	1
77	29	1	2	1	1
78	26	4	2	1	1
79	25	5	2	1	1
80	24	6	2	1	1
81	24	6	2	0	2
82	26	4	2	0	2
83	24	6	2	0	2
84	27	3	2	0	2
85	25	5	2	0	2
86	24	6	2	0	2
87	24	6	2	0	2
88	26	4	2	0	2
89	24	6	2	0	2
90	25	5	2	0	2
91	27	3	2	0	2
92	21	9	2	0	2
93	24	6	2	0	2
94	25	5	2	0	2
95	24	6	2	0	2
96	24	6	2	0	2
97	28	2	2	0	2
98	27	3	2	0	2
99	25	5	2	0	2
100	21	9	2	0	2
