mutation_id	ref_counts	var_counts	normal_cn	minor_cn	major_cn
1	29	31	2	1	1
2	26	34	2	1	1
3	30	30	2	1	1
4	29	31	2	1	1
5	35	25	2	1	1
6	39	21	2	1	1
7	31	29	2	1	1
8	35	25	2	1	1
9	33	27	2	1	1
10	31	29	2	1	1
11	30	30	2	1	1
12	34	26	2	1	1
13	26	34	2	1	1
14	31	29	2	1	1
15	30	30	2	1	1
16	26	34	2	1	1
17	26	34	2	1	1
18	28	32	2	1	1
19	28	32	2	1	1
20	34	26	2	1	1
21	38	22	2	1	1
22	31	29	2	1	1
23	32	28	2	1	1
24	34	26	2	1	1
25	37	23	2	1	1
26	29	31	2	1	1
27	35	25	2	1	1
28	36	24	2	1	1
29	34	26	2	1	1
30	26	34	2	1	1
31	29	31	2	1	1
32	34	26	2	1	1
33	37	23	2	1	1
34	32	28	2	1	1
35	31	29	2	1	1
36	34	26	2	1	1
37	25	35	2	1	1
38	38	22	2	1	1
39	44	16	2	1	1
40	29	31	2	1	1
41	40	20	2	1	2
42	40	20	2	1	2
43	42	18	2	1	2
44	39	21	2	1	2
45	46	14	2	1	2
46	37	23	2	1	2
47	49	11	2	1	2
48	42	18	2	1	2
49	42	18	2	1	2
50	40	20	2	1	2
51	43	17	2	1	2
52	42	18	2	1	2
53	43	17	2	1	2
54	45	15	2	1	2
55	45	15	2	1	2
56	39	21	2	1	2
57	36	24	2	1	2
58	45	15	2	1	2
59	40	20	2	1	2
60	40	20	2	1	2
61	55	5	2	1	1
62	55	5	2	1	1
63	53	7	2	1	1
64	58	2	2	1	1
65	56	4	2	1	1
66	55	5	2	1	1
67	53	7	2	1	1
68	57	3	2	1	1
69	52	8	2	1	1
70	59	1	2	1	1
71	58	2	2	1	1
72	59	1	2	1	1
73	54	6	2	1	1
74	56	4	2	1	1
75	56	4	2	1	1
76	54	6	2	1	1
77	56	4	2	1	1
78	57	3	2	1	1
79	55	5	2	1	1
80	57	3	2	1	1
81	53	7	2	0	2
82	50	10	2	0	2
83	54	6	2	0	2
84	56	4	2	0	2
85	43	17	2	0	2
86	46	14	2	0	2
87	43	17	2	0	2
88	49	11	2	0	2
89	46	14	2	0	2
90	50	10	2	0	2
91	49	11	2	0	2
92	50	10	2	0	2
93	49	11	2	0	2
94	46	14	2	0	2
95	51	9	2	0	2
96	52	8	2	0	2
97	50	10	2	0	2
98	47	13	2	0	2
99	46	14	2	0	2
100	49	11	2	0	2
