mutation_id	ref_counts	var_counts	normal_cn	minor_cn	major_cn
1	29	31	2	1	1
2	31	29	2	1	1
3	27	33	2	1	1
4	32	28	2	1	1
5	31	29	2	1	1
6	33	27	2	1	1
7	26	34	2	1	1
8	33	27	2	1	1
9	29	31	2	1	1
10	33	27	2	1	1
11	32	28	2	1	1
12	35	25	2	1	1
13	28	32	2	1	1
14	31	29	2	1	1
15	34	26	2	1	1
16	35	25	2	1	1
17	32	28	2	1	1
18	36	24	2	1	1
19	28	32	2	1	1
20	28	32	2	1	1
21	30	30	2	1	1
22	34	26	2	1	1
23	31	29	2	1	1
24	41	19	2	1	1
25	31	29	2	1	1
26	42	18	2	1	1
27	33	27	2	1	1
28	34	26	2	1	1
29	27	33	2	1	1
30	32	28	2	1	1
31	38	22	2	1	1
32	29	31	2	1	1
33	29	31	2	1	1
34	28	32	2	1	1
35	30	30	2	1	1
36	32	28	2	1	1
37	29	31	2	1	1
38	42	18	2	1	1
39	29	31	2	1	1
40	38	22	2	1	1
41	45	15	2	1	2
42	39	21	2	1	2
43	38	22	2	1	2
44	50	10	2	1	2
45	48	12	2	1	2
46	41	19	2	1	2
47	42	18	2	1	2
48	42	18	2	1	2
49	41	19	2	1	2
50	45	15	2	1	2
51	40	20	2	1	2
52	40	20	2	1	2
53	40	20	2	1	2
54	42	18	2	1	2
55	46	14	2	1	2
56	42	18	2	1	2
57	36	24	2	1	2
58	42	18	2	1	2
59	33	27	2	1	2
60	38	22	2	1	2
61	55	5	2	1	1
62	53	7	2	1	1
63	52	8	2	1	1
64	56	4	2	1	1
65	56	4	2	1	1
66	55	5	2	1	1
67	54	6	2	1	1
68	57	3	2	1	1
69	53	7	2	1	1
70	54	6	2	1	1
71	58	2	2	1	1
72	53	7	2	1	1
73	58	2	2	1	1
74	56	4	2	1	1
75	57	3	2	1	1
76	57	3	2	1	1
77	55	5	2	1	1
78	59	1	2	1	1
79	54	6	2	1	1
80	54	6	2	1	1
81	48	12	2	0	2
82	51	9	2	0	2
83	48	12	2	0	2
84	47	13	2	0	2
85	55	5	2	0	2
86	56	4	2	0	2
87	48	12	2	0	2
88	43	17	2	0	2
89	52	8	2	0	2
90	46	14	2	0	2
91	46	14	2	0	2
92	47	13	2	0	2
93	49	11	2	0	2
94	49	11	2	0	2
95	48	12	2	0	2
96	53	7	2	0	2
97	49	11	2	0	2
98	44	16	2	0	2
99	50	10	2	0	2
100	45	15	2	0	2
