mutation_id	ref_counts	var_counts	normal_cn	minor_cn	major_cn
1	65	55	2	1	1
2	50	70	2	1	1
3	64	56	2	1	1
4	55	65	2	1	1
5	59	61	2	1	1
6	64	56	2	1	1
7	59	61	2	1	1
8	74	46	2	1	1
9	61	59	2	1	1
10	58	62	2	1	1
11	67	53	2	1	1
12	62	58	2	1	1
13	58	62	2	1	1
14	66	54	2	1	1
15	68	52	2	1	1
16	56	64	2	1	1
17	66	54	2	1	1
18	74	46	2	1	1
19	63	57	2	1	1
20	59	61	2	1	1
21	86	34	2	1	2
22	84	36	2	1	2
23	80	40	2	1	2
24	88	32	2	1	2
25	79	41	2	1	2
26	92	28	2	1	2
27	80	40	2	1	2
28	81	39	2	1	2
29	78	42	2	1	2
30	80	40	2	1	2
31	110	10	2	1	1
32	111	9	2	1	1
33	112	8	2	1	1
34	110	10	2	1	1
35	107	13	2	1	1
36	111	9	2	1	1
37	112	8	2	1	1
38	115	5	2	1	1
39	115	5	2	1	1
40	109	11	2	1	1
41	97	23	2	0	2
42	86	34	2	0	2
43	93	27	2	0	2
44	91	29	2	0	2
45	101	19	2	0	2
46	99	21	2	0	2
47	96	24	2	0	2
48	95	25	2	0	2
49	96	24	2	0	2
50	94	26	2	0	2
