mutation_id	ref_counts	var_counts	normal_cn	minor_cn	major_cn
1	29	31	2	1	1
2	32	28	2	1	1
3	32	28	2	1	1
4	31	29	2	1	1
5	30	30	2	1	1
6	29	31	2	1	1
7	29	31	2	1	1
8	33	27	2	1	1
9	30	30	2	1	1
10	30	30	2	1	1
11	33	27	2	1	1
12	41	19	2	1	1
13	32	28	2	1	1
14	32	28	2	1	1
15	35	25	2	1	1
16	28	32	2	1	1
17	31	29	2	1	1
18	38	22	2	1	1
19	35	25	2	1	1
20	27	33	2	1	1
21	42	18	2	1	2
22	42	18	2	1	2
23	41	19	2	1	2
24	37	23	2	1	2
25	46	14	2	1	2
26	42	18	2	1	2
27	38	22	2	1	2
28	45	15	2	1	2
29	43	17	2	1	2
30	42	18	2	1	2
31	57	3	2	1	1
32	57	3	2	1	1
33	56	4	2	1	1
34	52	8	2	1	1
35	57	3	2	1	1
36	57	3	2	1	1
37	55	5	2	1	1
38	55	5	2	1	1
39	56	4	2	1	1
40	55	5	2	1	1
41	47	13	2	0	2
42	41	19	2	0	2
43	53	7	2	0	2
44	51	9	2	0	2
45	49	11	2	0	2
46	45	15	2	0	2
47	49	11	2	0	2
48	51	9	2	0	2
49	46	14	2	0	2
50	53	7	2	0	2
