mutation_id	ref_counts	var_counts	normal_cn	minor_cn	major_cn
1	53	67	2	1	1
2	61	59	2	1	1
3	61	59	2	1	1
4	56	64	2	1	1
5	60	60	2	1	1
6	60	60	2	1	1
7	52	68	2	1	1
8	55	65	2	1	1
9	63	57	2	1	1
10	62	58	2	1	1
11	65	55	2	1	1
12	70	50	2	1	1
13	58	62	2	1	1
14	62	58	2	1	1
15	59	61	2	1	1
16	67	53	2	1	1
17	72	48	2	1	1
18	64	56	2	1	1
19	68	52	2	1	1
20	62	58	2	1	1
21	87	33	2	1	2
22	84	36	2	1	2
23	81	39	2	1	2
24	74	46	2	1	2
25	88	32	2	1	2
26	78	42	2	1	2
27	82	38	2	1	2
28	85	35	2	1	2
29	95	25	2	1	2
30	75	45	2	1	2
31	106	14	2	1	1
32	113	7	2	1	1
33	113	7	2	1	1
34	114	6	2	1	1
35	114	6	2	1	1
36	115	5	2	1	1
37	110	10	2	1	1
38	111	9	2	1	1
39	109	11	2	1	1
40	106	14	2	1	1
41	100	20	2	0	2
42	97	23	2	0	2
43	93	27	2	0	2
44	106	14	2	0	2
45	89	31	2	0	2
46	90	30	2	0	2
47	97	23	2	0	2
48	86	34	2	0	2
49	91	29	2	0	2
50	96	24	2	0	2
