mutation_id	ref_counts	var_counts	normal_cn	minor_cn	major_cn
1	63	57	2	1	1
2	62	58	2	1	1
3	59	61	2	1	1
4	65	55	2	1	1
5	59	61	2	1	1
6	58	62	2	1	1
7	58	62	2	1	1
8	60	60	2	1	1
9	61	59	2	1	1
10	56	64	2	1	1
11	65	55	2	1	1
12	69	51	2	1	1
13	64	56	2	1	1
14	62	58	2	1	1
15	61	59	2	1	1
16	72	48	2	1	1
17	61	59	2	1	1
18	42	78	2	1	1
19	71	49	2	1	1
20	59	61	2	1	1
21	82	38	2	1	2
22	84	36	2	1	2
23	89	31	2	1	2
24	85	35	2	1	2
25	76	44	2	1	2
26	79	41	2	1	2
27	83	37	2	1	2
28	83	37	2	1	2
29	92	28	2	1	2
30	91	29	2	1	2
31	109	11	2	1	1
32	107	13	2	1	1
33	112	8	2	1	1
34	112	8	2	1	1
35	113	7	2	1	1
36	109	11	2	1	1
37	108	12	2	1	1
38	111	9	2	1	1
39	113	7	2	1	1
40	117	3	2	1	1
41	94	26	2	0	2
42	97	23	2	0	2
43	90	30	2	0	2
44	99	21	2	0	2
45	95	25	2	0	2
46	98	22	2	0	2
47	93	27	2	0	2
48	98	22	2	0	2
49	91	29	2	0	2
50	86	34	2	0	2
