mutation_id	ref_counts	var_counts	normal_cn	minor_cn	major_cn
1	523	477	2	1	1
2	525	475	2	1	1
3	493	507	2	1	1
4	509	491	2	1	1
5	502	498	2	1	1
6	497	503	2	1	1
7	518	482	2	1	1
8	537	463	2	1	1
9	490	510	2	1	1
10	505	495	2	1	1
11	545	455	2	1	1
12	557	443	2	1	1
13	537	463	2	1	1
14	564	436	2	1	1
15	572	428	2	1	1
16	561	439	2	1	1
17	560	440	2	1	1
18	565	435	2	1	1
19	558	442	2	1	1
20	583	417	2	1	1
21	708	292	2	1	2
22	701	299	2	1	2
23	664	336	2	1	2
24	697	303	2	1	2
25	704	296	2	1	2
26	693	307	2	1	2
27	700	300	2	1	2
28	706	294	2	1	2
29	682	318	2	1	2
30	696	304	2	1	2
31	921	79	2	1	1
32	930	70	2	1	1
33	922	78	2	1	1
34	939	61	2	1	1
35	929	71	2	1	1
36	932	68	2	1	1
37	930	70	2	1	1
38	926	74	2	1	1
39	918	82	2	1	1
40	932	68	2	1	1
41	801	199	2	0	2
42	808	192	2	0	2
43	772	228	2	0	2
44	801	199	2	0	2
45	808	192	2	0	2
46	804	196	2	0	2
47	804	196	2	0	2
48	803	197	2	0	2
49	795	205	2	0	2
50	797	203	2	0	2
