mutation_id	ref_counts	var_counts	normal_cn	minor_cn	major_cn
1	16	14	2	1	1
2	15	15	2	1	1
3	12	18	2	1	1
4	18	12	2	1	1
5	16	14	2	1	1
6	12	18	2	1	1
7	14	16	2	1	1
8	18	12	2	1	1
9	19	11	2	1	1
10	20	10	2	1	1
11	10	20	2	1	1
12	7	23	2	1	1
13	12	18	2	1	1
14	13	17	2	1	1
15	17	13	2	1	1
16	15	15	2	1	1
17	19	11	2	1	1
18	15	15	2	1	1
19	17	13	2	1	1
20	11	19	2	1	1
21	13	17	2	1	1
22	14	16	2	1	1
23	16	14	2	1	1
24	19	11	2	1	1
25	17	13	2	1	1
26	14	16	2	1	1
27	14	16	2	1	1
28	15	15	2	1	1
29	16	14	2	1	1
30	19	11	2	1	1
31	19	11	2	1	1
32	15	15	2	1	1
33	17	13	2	1	1
34	17	13	2	1	1
35	15	15	2	1	1
36	13	17	2	1	1
37	19	11	2	1	1
38	16	14	2	1	1
39	17	13	2	1	1
40	21	9	2	1	1
41	22	8	2	1	2
42	20	10	2	1	2
43	19	11	2	1	2
44	18	12	2	1	2
45	20	10	2	1	2
46	23	7	2	1	2
47	19	11	2	1	2
48	24	6	2	1	2
49	17	13	2	1	2
50	18	12	2	1	2
51	18	12	2	1	2
52	26	4	2	1	2
53	21	9	2	1	2
54	20	10	2	1	2
55	20	10	2	1	2
56	19	11	2	1	2
57	21	9	2	1	2
58	17	13	2	1	2
59	18	12	2	1	2
60	22	8	2	1	2
61	29	1	2	1	1
62	29	1	2	1	1
63	24	6	2	1	1
64	28	2	2	1	1
65	26	4	2	1	1
66	27	3	2	1	1
67	30	0	2	1	1
68	26	4	2	1	1
69	26	4	2	1	1
70	28	2	2	1	1
71	29	1	2	1	1
72	28	2	2	1	1
73	29	1	2	1	1
74	29	1	2	1	1
75	27	3	2	1	1
76	27	3	2	1	1
77	28	2	2	1	1
78	27	3	2	1	1
79	29	1	2	1	1
80	25	5	2	1	1
81	24	6	2	0	2
82	22	8	2	0	2
83	22	8	2	0	2
84	23	7	2	0	2
85	27	3	2	0	2
86	29	1	2	0	2
87	27	3	2	0	2
88	27	3	2	0	2
89	26	4	2	0	2
90	27	3	2	0	2
91	27	3	2	0	2
92	24	6	2	0	2
93	26	4	2	0	2
94	22	8	2	0	2
95	27	3	2	0	2
96	25	5	2	0	2
97	24	6	2	0	2
98	27	3	2	0	2
99	26	4	2	0	2
100	27	3	2	0	2
