mutation_id	ref_counts	var_counts	normal_cn	minor_cn	major_cn
1	30	30	2	1	1
2	38	22	2	1	1
3	35	25	2	1	1
4	33	27	2	1	1
5	28	32	2	1	1
6	29	31	2	1	1
7	33	27	2	1	1
8	30	30	2	1	1
9	24	36	2	1	1
10	33	27	2	1	1
11	22	38	2	1	1
12	35	25	2	1	1
13	28	32	2	1	1
14	31	29	2	1	1
15	34	26	2	1	1
16	30	30	2	1	1
17	29	31	2	1	1
18	32	28	2	1	1
19	27	33	2	1	1
20	26	34	2	1	1
21	35	25	2	1	1
22	36	24	2	1	1
23	32	28	2	1	1
24	31	29	2	1	1
25	35	25	2	1	1
26	30	30	2	1	1
27	33	27	2	1	1
28	35	25	2	1	1
29	32	28	2	1	1
30	35	25	2	1	1
31	38	22	2	1	1
32	31	29	2	1	1
33	27	33	2	1	1
34	22	38	2	1	1
35	39	21	2	1	1
36	37	23	2	1	1
37	40	20	2	1	1
38	31	29	2	1	1
39	34	26	2	1	1
40	37	23	2	1	1
41	41	19	2	1	2
42	35	25	2	1	2
43	46	14	2	1	2
44	50	10	2	1	2
45	47	13	2	1	2
46	45	15	2	1	2
47	43	17	2	1	2
48	44	16	2	1	2
49	40	20	2	1	2
50	41	19	2	1	2
51	38	22	2	1	2
52	46	14	2	1	2
53	32	28	2	1	2
54	45	15	2	1	2
55	41	19	2	1	2
56	53	7	2	1	2
57	46	14	2	1	2
58	50	10	2	1	2
59	41	19	2	1	2
60	40	20	2	1	2
61	55	5	2	1	1
62	57	3	2	1	1
63	57	3	2	1	1
64	57	3	2	1	1
65	57	3	2	1	1
66	55	5	2	1	1
67	53	7	2	1	1
68	57	3	2	1	1
69	54	6	2	1	1
70	57	3	2	1	1
71	53	7	2	1	1
72	54	6	2	1	1
73	56	4	2	1	1
74	56	4	2	1	1
75	55	5	2	1	1
76	52	8	2	1	1
77	58	2	2	1	1
78	57	3	2	1	1
79	54	6	2	1	1
80	57	3	2	1	1
81	49	11	2	0	2
82	45	15	2	0	2
83	49	11	2	0	2
84	48	12	2	0	2
85	46	14	2	0	2
86	43	17	2	0	2
87	49	11	2	0	2
88	50	10	2	0	2
89	47	13	2	0	2
90	43	17	2	0	2
91	49	11	2	0	2
92	49	11	2	0	2
93	48	12	2	0	2
94	48	12	2	0	2
95	50	10	2	0	2
96	44	16	2	0	2
97	51	9	2	0	2
98	46	14	2	0	2
99	38	22	2	0	2
100	48	12	2	0	2
