mutation_id	ref_counts	var_counts	normal_cn	minor_cn	major_cn
1	501	499	2	1	1
2	499	501	2	1	1
3	504	496	2	1	1
4	530	470	2	1	1
5	510	490	2	1	1
6	525	475	2	1	1
7	508	492	2	1	1
8	538	462	2	1	1
9	473	527	2	1	1
10	512	488	2	1	1
11	504	496	2	1	1
12	492	508	2	1	1
13	517	483	2	1	1
14	507	493	2	1	1
15	502	498	2	1	1
16	507	493	2	1	1
17	497	503	2	1	1
18	478	522	2	1	1
19	520	480	2	1	1
20	520	480	2	1	1
21	565	435	2	1	1
22	540	460	2	1	1
23	555	445	2	1	1
24	559	441	2	1	1
25	557	443	2	1	1
26	532	468	2	1	1
27	526	474	2	1	1
28	556	444	2	1	1
29	559	441	2	1	1
30	563	437	2	1	1
31	518	482	2	1	1
32	561	439	2	1	1
33	544	456	2	1	1
34	534	466	2	1	1
35	553	447	2	1	1
36	552	448	2	1	1
37	525	475	2	1	1
38	540	460	2	1	1
39	543	457	2	1	1
40	549	451	2	1	1
41	680	320	2	1	2
42	667	333	2	1	2
43	687	313	2	1	2
44	684	316	2	1	2
45	687	313	2	1	2
46	693	307	2	1	2
47	680	320	2	1	2
48	712	288	2	1	2
49	686	314	2	1	2
50	681	319	2	1	2
51	698	302	2	1	2
52	680	320	2	1	2
53	703	297	2	1	2
54	694	306	2	1	2
55	710	290	2	1	2
56	695	305	2	1	2
57	731	269	2	1	2
58	707	293	2	1	2
59	706	294	2	1	2
60	703	297	2	1	2
61	915	85	2	1	1
62	925	75	2	1	1
63	937	63	2	1	1
64	918	82	2	1	1
65	924	76	2	1	1
66	934	66	2	1	1
67	931	69	2	1	1
68	909	91	2	1	1
69	927	73	2	1	1
70	931	69	2	1	1
71	922	78	2	1	1
72	929	71	2	1	1
73	928	72	2	1	1
74	931	69	2	1	1
75	906	94	2	1	1
76	921	79	2	1	1
77	917	83	2	1	1
78	926	74	2	1	1
79	934	66	2	1	1
80	937	63	2	1	1
81	803	197	2	0	2
82	786	214	2	0	2
83	819	181	2	0	2
84	817	183	2	0	2
85	801	199	2	0	2
86	783	217	2	0	2
87	793	207	2	0	2
88	795	205	2	0	2
89	821	179	2	0	2
90	794	206	2	0	2
91	810	190	2	0	2
92	813	187	2	0	2
93	793	207	2	0	2
94	798	202	2	0	2
95	809	191	2	0	2
96	809	191	2	0	2
97	809	191	2	0	2
98	812	188	2	0	2
99	801	199	2	0	2
100	816	184	2	0	2
