mutation_id	ref_counts	var_counts	normal_cn	minor_cn	major_cn
1	68	52	2	1	1
2	58	62	2	1	1
3	68	52	2	1	1
4	65	55	2	1	1
5	57	63	2	1	1
6	65	55	2	1	1
7	57	63	2	1	1
8	58	62	2	1	1
9	58	62	2	1	1
10	56	64	2	1	1
11	54	66	2	1	1
12	57	63	2	1	1
13	62	58	2	1	1
14	58	62	2	1	1
15	61	59	2	1	1
16	70	50	2	1	1
17	72	48	2	1	1
18	59	61	2	1	1
19	73	47	2	1	1
20	57	63	2	1	1
21	82	38	2	1	2
22	81	39	2	1	2
23	90	30	2	1	2
24	76	44	2	1	2
25	83	37	2	1	2
26	76	44	2	1	2
27	80	40	2	1	2
28	78	42	2	1	2
29	88	32	2	1	2
30	80	40	2	1	2
31	112	8	2	1	1
32	111	9	2	1	1
33	108	12	2	1	1
34	112	8	2	1	1
35	109	11	2	1	1
36	113	7	2	1	1
37	108	12	2	1	1
38	110	10	2	1	1
39	112	8	2	1	1
40	109	11	2	1	1
41	96	24	2	0	2
42	100	20	2	0	2
43	99	21	2	0	2
44	98	22	2	0	2
45	93	27	2	0	2
46	95	25	2	0	2
47	91	29	2	0	2
48	92	28	2	0	2
49	93	27	2	0	2
50	101	19	2	0	2
