mutation_id	ref_counts	var_counts	normal_cn	minor_cn	major_cn
1	489	511	2	1	1
2	488	512	2	1	1
3	512	488	2	1	1
4	478	522	2	1	1
5	495	505	2	1	1
6	482	518	2	1	1
7	498	502	2	1	1
8	516	484	2	1	1
9	477	523	2	1	1
10	492	508	2	1	1
11	488	512	2	1	1
12	467	533	2	1	1
13	506	494	2	1	1
14	511	489	2	1	1
15	469	531	2	1	1
16	502	498	2	1	1
17	501	499	2	1	1
18	495	505	2	1	1
19	505	495	2	1	1
20	472	528	2	1	1
21	549	451	2	1	1
22	555	445	2	1	1
23	550	450	2	1	1
24	553	447	2	1	1
25	572	428	2	1	1
26	554	446	2	1	1
27	540	460	2	1	1
28	574	426	2	1	1
29	545	455	2	1	1
30	541	459	2	1	1
31	528	472	2	1	1
32	548	452	2	1	1
33	578	422	2	1	1
34	550	450	2	1	1
35	551	449	2	1	1
36	550	450	2	1	1
37	580	420	2	1	1
38	538	462	2	1	1
39	553	447	2	1	1
40	541	459	2	1	1
41	732	268	2	1	2
42	729	271	2	1	2
43	679	321	2	1	2
44	683	317	2	1	2
45	707	293	2	1	2
46	697	303	2	1	2
47	690	310	2	1	2
48	697	303	2	1	2
49	693	307	2	1	2
50	689	311	2	1	2
51	703	297	2	1	2
52	685	315	2	1	2
53	715	285	2	1	2
54	685	315	2	1	2
55	736	264	2	1	2
56	682	318	2	1	2
57	704	296	2	1	2
58	713	287	2	1	2
59	705	295	2	1	2
60	689	311	2	1	2
61	924	76	2	1	1
62	918	82	2	1	1
63	916	84	2	1	1
64	924	76	2	1	1
65	917	83	2	1	1
66	918	82	2	1	1
67	926	74	2	1	1
68	915	85	2	1	1
69	919	81	2	1	1
70	925	75	2	1	1
71	913	87	2	1	1
72	935	65	2	1	1
73	929	71	2	1	1
74	915	85	2	1	1
75	913	87	2	1	1
76	919	81	2	1	1
77	937	63	2	1	1
78	930	70	2	1	1
79	919	81	2	1	1
80	934	66	2	1	1
81	783	217	2	0	2
82	813	187	2	0	2
83	794	206	2	0	2
84	812	188	2	0	2
85	806	194	2	0	2
86	803	197	2	0	2
87	808	192	2	0	2
88	798	202	2	0	2
89	790	210	2	0	2
90	771	229	2	0	2
91	782	218	2	0	2
92	794	206	2	0	2
93	813	187	2	0	2
94	808	192	2	0	2
95	776	224	2	0	2
96	774	226	2	0	2
97	800	200	2	0	2
98	792	208	2	0	2
99	800	200	2	0	2
100	803	197	2	0	2
