mutation_id	ref_counts	var_counts	normal_cn	minor_cn	major_cn
1	65	55	2	1	1
2	57	63	2	1	1
3	60	60	2	1	1
4	53	67	2	1	1
5	63	57	2	1	1
6	47	73	2	1	1
7	63	57	2	1	1
8	62	58	2	1	1
9	66	54	2	1	1
10	51	69	2	1	1
11	65	55	2	1	1
12	64	56	2	1	1
13	66	54	2	1	1
14	72	48	2	1	1
15	69	51	2	1	1
16	61	59	2	1	1
17	71	49	2	1	1
18	67	53	2	1	1
19	65	55	2	1	1
20	63	57	2	1	1
21	87	33	2	1	2
22	78	42	2	1	2
23	84	36	2	1	2
24	88	32	2	1	2
25	89	31	2	1	2
26	84	36	2	1	2
27	90	30	2	1	2
28	84	36	2	1	2
29	80	40	2	1	2
30	79	41	2	1	2
31	113	7	2	1	1
32	109	11	2	1	1
33	116	4	2	1	1
34	116	4	2	1	1
35	113	7	2	1	1
36	108	12	2	1	1
37	117	3	2	1	1
38	111	9	2	1	1
39	111	9	2	1	1
40	116	4	2	1	1
41	93	27	2	0	2
42	98	22	2	0	2
43	88	32	2	0	2
44	99	21	2	0	2
45	95	25	2	0	2
46	97	23	2	0	2
47	96	24	2	0	2
48	97	23	2	0	2
49	93	27	2	0	2
50	100	20	2	0	2
