mutation_id	ref_counts	var_counts	normal_cn	minor_cn	major_cn
1	32	28	2	1	1
2	33	27	2	1	1
3	25	35	2	1	1
4	31	29	2	1	1
5	34	26	2	1	1
6	31	29	2	1	1
7	28	32	2	1	1
8	31	29	2	1	1
9	31	29	2	1	1
10	28	32	2	1	1
11	28	32	2	1	1
12	24	36	2	1	1
13	34	26	2	1	1
14	31	29	2	1	1
15	31	29	2	1	1
16	35	25	2	1	1
17	36	24	2	1	1
18	32	28	2	1	1
19	32	28	2	1	1
20	32	28	2	1	1
21	44	16	2	1	2
22	40	20	2	1	2
23	44	16	2	1	2
24	45	15	2	1	2
25	39	21	2	1	2
26	40	20	2	1	2
27	38	22	2	1	2
28	38	22	2	1	2
29	38	22	2	1	2
30	44	16	2	1	2
31	57	3	2	1	1
32	56	4	2	1	1
33	55	5	2	1	1
34	55	5	2	1	1
35	55	5	2	1	1
36	56	4	2	1	1
37	56	4	2	1	1
38	56	4	2	1	1
39	53	7	2	1	1
40	58	2	2	1	1
41	47	13	2	0	2
42	49	11	2	0	2
43	47	13	2	0	2
44	52	8	2	0	2
45	47	13	2	0	2
46	48	12	2	0	2
47	44	16	2	0	2
48	48	12	2	0	2
49	47	13	2	0	2
50	48	12	2	0	2
