mutation_id	ref_counts	var_counts	normal_cn	minor_cn	major_cn
1	60	60	2	1	1
2	64	56	2	1	1
3	60	60	2	1	1
4	65	55	2	1	1
5	62	58	2	1	1
6	56	64	2	1	1
7	59	61	2	1	1
8	63	57	2	1	1
9	76	44	2	1	1
10	64	56	2	1	1
11	55	65	2	1	1
12	61	59	2	1	1
13	65	55	2	1	1
14	59	61	2	1	1
15	61	59	2	1	1
16	58	62	2	1	1
17	59	61	2	1	1
18	65	55	2	1	1
19	52	68	2	1	1
20	70	50	2	1	1
21	63	57	2	1	1
22	66	54	2	1	1
23	71	49	2	1	1
24	55	65	2	1	1
25	73	47	2	1	1
26	58	62	2	1	1
27	73	47	2	1	1
28	62	58	2	1	1
29	65	55	2	1	1
30	74	46	2	1	1
31	63	57	2	1	1
32	69	51	2	1	1
33	72	48	2	1	1
34	70	50	2	1	1
35	83	37	2	1	1
36	61	59	2	1	1
37	71	49	2	1	1
38	66	54	2	1	1
39	66	54	2	1	1
40	78	42	2	1	1
41	82	38	2	1	2
42	83	37	2	1	2
43	84	36	2	1	2
44	91	29	2	1	2
45	82	38	2	1	2
46	82	38	2	1	2
47	82	38	2	1	2
48	87	33	2	1	2
49	85	35	2	1	2
50	87	33	2	1	2
51	74	46	2	1	2
52	83	37	2	1	2
53	86	34	2	1	2
54	86	34	2	1	2
55	84	36	2	1	2
56	78	42	2	1	2
57	86	34	2	1	2
58	85	35	2	1	2
59	85	35	2	1	2
60	94	26	2	1	2
61	111	9	2	1	1
62	113	7	2	1	1
63	106	14	2	1	1
64	114	6	2	1	1
65	112	8	2	1	1
66	115	5	2	1	1
67	113	7	2	1	1
68	109	11	2	1	1
69	109	11	2	1	1
70	112	8	2	1	1
71	117	3	2	1	1
72	108	12	2	1	1
73	113	7	2	1	1
74	112	8	2	1	1
75	109	11	2	1	1
76	112	8	2	1	1
77	113	7	2	1	1
78	113	7	2	1	1
79	113	7	2	1	1
80	110	10	2	1	1
81	96	24	2	0	2
82	98	22	2	0	2
83	90	30	2	0	2
84	98	22	2	0	2
85	94	26	2	0	2
86	96	24	2	0	2
87	94	26	2	0	2
88	100	20	2	0	2
89	91	29	2	0	2
90	92	28	2	0	2
91	102	18	2	0	2
92	95	25	2	0	2
93	102	18	2	0	2
94	98	22	2	0	2
95	86	34	2	0	2
96	99	21	2	0	2
97	99	21	2	0	2
98	94	26	2	0	2
99	103	17	2	0	2
100	92	28	2	0	2
