mutation_id	ref_counts	var_counts	normal_cn	minor_cn	major_cn
1	62	58	2	1	1
2	61	59	2	1	1
3	46	74	2	1	1
4	60	60	2	1	1
5	61	59	2	1	1
6	66	54	2	1	1
7	53	67	2	1	1
8	61	59	2	1	1
9	64	56	2	1	1
10	60	60	2	1	1
11	62	58	2	1	1
12	68	52	2	1	1
13	68	52	2	1	1
14	58	62	2	1	1
15	51	69	2	1	1
16	59	61	2	1	1
17	54	66	2	1	1
18	62	58	2	1	1
19	56	64	2	1	1
20	62	58	2	1	1
21	59	61	2	1	1
22	71	49	2	1	1
23	68	52	2	1	1
24	70	50	2	1	1
25	65	55	2	1	1
26	52	68	2	1	1
27	73	47	2	1	1
28	68	52	2	1	1
29	71	49	2	1	1
30	72	48	2	1	1
31	73	47	2	1	1
32	70	50	2	1	1
33	67	53	2	1	1
34	65	55	2	1	1
35	64	56	2	1	1
36	72	48	2	1	1
37	61	59	2	1	1
38	67	53	2	1	1
39	65	55	2	1	1
40	72	48	2	1	1
41	70	50	2	1	2
42	92	28	2	1	2
43	81	39	2	1	2
44	82	38	2	1	2
45	74	46	2	1	2
46	74	46	2	1	2
47	82	38	2	1	2
48	92	28	2	1	2
49	91	29	2	1	2
50	81	39	2	1	2
51	80	40	2	1	2
52	84	36	2	1	2
53	85	35	2	1	2
54	84	36	2	1	2
55	94	26	2	1	2
56	86	34	2	1	2
57	83	37	2	1	2
58	81	39	2	1	2
59	83	37	2	1	2
60	82	38	2	1	2
61	111	9	2	1	1
62	108	12	2	1	1
63	112	8	2	1	1
64	111	9	2	1	1
65	109	11	2	1	1
66	111	9	2	1	1
67	118	2	2	1	1
68	116	4	2	1	1
69	113	7	2	1	1
70	118	2	2	1	1
71	112	8	2	1	1
72	110	10	2	1	1
73	120	0	2	1	1
74	109	11	2	1	1
75	111	9	2	1	1
76	110	10	2	1	1
77	108	12	2	1	1
78	112	8	2	1	1
79	114	6	2	1	1
80	112	8	2	1	1
81	90	30	2	0	2
82	97	23	2	0	2
83	97	23	2	0	2
84	94	26	2	0	2
85	94	26	2	0	2
86	99	21	2	0	2
87	88	32	2	0	2
88	91	29	2	0	2
89	95	25	2	0	2
90	92	28	2	0	2
91	95	25	2	0	2
92	102	18	2	0	2
93	93	27	2	0	2
94	97	23	2	0	2
95	97	23	2	0	2
96	100	20	2	0	2
97	94	26	2	0	2
98	100	20	2	0	2
99	104	16	2	0	2
100	101	19	2	0	2
