mutation_id	ref_counts	var_counts	normal_cn	minor_cn	major_cn
1	31	29	2	1	1
2	33	27	2	1	1
3	26	34	2	1	1
4	27	33	2	1	1
5	31	29	2	1	1
6	32	28	2	1	1
7	32	28	2	1	1
8	22	38	2	1	1
9	30	30	2	1	1
10	31	29	2	1	1
11	31	29	2	1	1
12	32	28	2	1	1
13	27	33	2	1	1
14	37	23	2	1	1
15	32	28	2	1	1
16	38	22	2	1	1
17	35	25	2	1	1
18	41	19	2	1	1
19	32	28	2	1	1
20	32	28	2	1	1
21	44	16	2	1	2
22	46	14	2	1	2
23	43	17	2	1	2
24	41	19	2	1	2
25	41	19	2	1	2
26	42	18	2	1	2
27	44	16	2	1	2
28	43	17	2	1	2
29	36	24	2	1	2
30	47	13	2	1	2
31	56	4	2	1	1
32	54	6	2	1	1
33	58	2	2	1	1
34	54	6	2	1	1
35	58	2	2	1	1
36	56	4	2	1	1
37	56	4	2	1	1
38	49	11	2	1	1
39	57	3	2	1	1
40	55	5	2	1	1
41	50	10	2	0	2
42	49	11	2	0	2
43	53	7	2	0	2
44	48	12	2	0	2
45	44	16	2	0	2
46	39	21	2	0	2
47	50	10	2	0	2
48	46	14	2	0	2
49	41	19	2	0	2
50	55	5	2	0	2
