mutation_id	ref_counts	var_counts	normal_cn	minor_cn	major_cn
1	505	495	2	1	1
2	500	500	2	1	1
3	491	509	2	1	1
4	507	493	2	1	1
5	482	518	2	1	1
6	489	511	2	1	1
7	496	504	2	1	1
8	537	463	2	1	1
9	490	510	2	1	1
10	507	493	2	1	1
11	509	491	2	1	1
12	520	480	2	1	1
13	506	494	2	1	1
14	495	505	2	1	1
15	487	513	2	1	1
16	516	484	2	1	1
17	488	512	2	1	1
18	494	506	2	1	1
19	509	491	2	1	1
20	532	468	2	1	1
21	537	463	2	1	1
22	547	453	2	1	1
23	529	471	2	1	1
24	519	481	2	1	1
25	567	433	2	1	1
26	534	466	2	1	1
27	516	484	2	1	1
28	540	460	2	1	1
29	548	452	2	1	1
30	528	472	2	1	1
31	556	444	2	1	1
32	572	428	2	1	1
33	559	441	2	1	1
34	546	454	2	1	1
35	562	438	2	1	1
36	536	464	2	1	1
37	570	430	2	1	1
38	555	445	2	1	1
39	561	439	2	1	1
40	556	444	2	1	1
41	689	311	2	1	2
42	674	326	2	1	2
43	689	311	2	1	2
44	698	302	2	1	2
45	689	311	2	1	2
46	720	280	2	1	2
47	723	277	2	1	2
48	690	310	2	1	2
49	674	326	2	1	2
50	701	299	2	1	2
51	698	302	2	1	2
52	703	297	2	1	2
53	695	305	2	1	2
54	692	308	2	1	2
55	692	308	2	1	2
56	719	281	2	1	2
57	683	317	2	1	2
58	688	312	2	1	2
59	692	308	2	1	2
60	690	310	2	1	2
61	919	81	2	1	1
62	933	67	2	1	1
63	933	67	2	1	1
64	917	83	2	1	1
65	928	72	2	1	1
66	916	84	2	1	1
67	923	77	2	1	1
68	903	97	2	1	1
69	930	70	2	1	1
70	936	64	2	1	1
71	924	76	2	1	1
72	925	75	2	1	1
73	935	65	2	1	1
74	928	72	2	1	1
75	929	71	2	1	1
76	925	75	2	1	1
77	937	63	2	1	1
78	926	74	2	1	1
79	930	70	2	1	1
80	915	85	2	1	1
81	801	199	2	0	2
82	820	180	2	0	2
83	801	199	2	0	2
84	809	191	2	0	2
85	790	210	2	0	2
86	799	201	2	0	2
87	798	202	2	0	2
88	779	221	2	0	2
89	789	211	2	0	2
90	816	184	2	0	2
91	830	170	2	0	2
92	813	187	2	0	2
93	825	175	2	0	2
94	810	190	2	0	2
95	791	209	2	0	2
96	801	199	2	0	2
97	793	207	2	0	2
98	820	180	2	0	2
99	810	190	2	0	2
100	800	200	2	0	2
