mutation_id	ref_counts	var_counts	normal_cn	minor_cn	major_cn
1	29	31	2	1	1
2	26	34	2	1	1
3	28	32	2	1	1
4	35	25	2	1	1
5	27	33	2	1	1
6	28	32	2	1	1
7	24	36	2	1	1
8	31	29	2	1	1
9	32	28	2	1	1
10	32	28	2	1	1
11	34	26	2	1	1
12	27	33	2	1	1
13	34	26	2	1	1
14	33	27	2	1	1
15	30	30	2	1	1
16	34	26	2	1	1
17	25	35	2	1	1
18	30	30	2	1	1
19	30	30	2	1	1
20	33	27	2	1	1
21	31	29	2	1	1
22	36	24	2	1	1
23	37	23	2	1	1
24	28	32	2	1	1
25	33	27	2	1	1
26	31	29	2	1	1
27	31	29	2	1	1
28	38	22	2	1	1
29	28	32	2	1	1
30	38	22	2	1	1
31	33	27	2	1	1
32	39	21	2	1	1
33	32	28	2	1	1
34	33	27	2	1	1
35	37	23	2	1	1
36	33	27	2	1	1
37	31	29	2	1	1
38	26	34	2	1	1
39	30	30	2	1	1
40	33	27	2	1	1
41	33	27	2	1	2
42	47	13	2	1	2
43	41	19	2	1	2
44	42	18	2	1	2
45	44	16	2	1	2
46	47	13	2	1	2
47	39	21	2	1	2
48	41	19	2	1	2
49	41	19	2	1	2
50	46	14	2	1	2
51	40	20	2	1	2
52	35	25	2	1	2
53	41	19	2	1	2
54	47	13	2	1	2
55	46	14	2	1	2
56	49	11	2	1	2
57	41	19	2	1	2
58	36	24	2	1	2
59	35	25	2	1	2
60	47	13	2	1	2
61	54	6	2	1	1
62	57	3	2	1	1
63	55	5	2	1	1
64	56	4	2	1	1
65	53	7	2	1	1
66	58	2	2	1	1
67	55	5	2	1	1
68	55	5	2	1	1
69	56	4	2	1	1
70	53	7	2	1	1
71	55	5	2	1	1
72	55	5	2	1	1
73	53	7	2	1	1
74	58	2	2	1	1
75	52	8	2	1	1
76	58	2	2	1	1
77	55	5	2	1	1
78	56	4	2	1	1
79	53	7	2	1	1
80	59	1	2	1	1
81	48	12	2	0	2
82	51	9	2	0	2
83	50	10	2	0	2
84	52	8	2	0	2
85	50	10	2	0	2
86	44	16	2	0	2
87	47	13	2	0	2
88	48	12	2	0	2
89	53	7	2	0	2
90	44	16	2	0	2
91	45	15	2	0	2
92	46	14	2	0	2
93	46	14	2	0	2
94	48	12	2	0	2
95	52	8	2	0	2
96	45	15	2	0	2
97	46	14	2	0	2
98	48	12	2	0	2
99	52	8	2	0	2
100	47	13	2	0	2
