mutation_id	ref_counts	var_counts	normal_cn	minor_cn	major_cn
1	517	483	2	1	1
2	506	494	2	1	1
3	513	487	2	1	1
4	488	512	2	1	1
5	511	489	2	1	1
6	494	506	2	1	1
7	476	524	2	1	1
8	523	477	2	1	1
9	496	504	2	1	1
10	500	500	2	1	1
11	558	442	2	1	1
12	569	431	2	1	1
13	552	448	2	1	1
14	558	442	2	1	1
15	528	472	2	1	1
16	559	441	2	1	1
17	564	436	2	1	1
18	531	469	2	1	1
19	558	442	2	1	1
20	539	461	2	1	1
21	715	285	2	1	2
22	700	300	2	1	2
23	665	335	2	1	2
24	673	327	2	1	2
25	703	297	2	1	2
26	673	327	2	1	2
27	720	280	2	1	2
28	690	310	2	1	2
29	689	311	2	1	2
30	720	280	2	1	2
31	932	68	2	1	1
32	920	80	2	1	1
33	938	62	2	1	1
34	930	70	2	1	1
35	927	73	2	1	1
36	936	64	2	1	1
37	938	62	2	1	1
38	923	77	2	1	1
39	918	82	2	1	1
40	920	80	2	1	1
41	800	200	2	0	2
42	792	208	2	0	2
43	803	197	2	0	2
44	807	193	2	0	2
45	806	194	2	0	2
46	797	203	2	0	2
47	812	188	2	0	2
48	782	218	2	0	2
49	796	204	2	0	2
50	785	215	2	0	2
