mutation_id	ref_counts	var_counts	normal_cn	minor_cn	major_cn
1	17	13	2	1	1
2	14	16	2	1	1
3	12	18	2	1	1
4	17	13	2	1	1
5	17	13	2	1	1
6	19	11	2	1	1
7	20	10	2	1	1
8	14	16	2	1	1
9	19	11	2	1	1
10	15	15	2	1	1
11	13	17	2	1	1
12	21	9	2	1	1
13	19	11	2	1	1
14	18	12	2	1	1
15	15	15	2	1	1
16	15	15	2	1	1
17	14	16	2	1	1
18	17	13	2	1	1
19	17	13	2	1	1
20	16	14	2	1	1
21	18	12	2	1	2
22	18	12	2	1	2
23	21	9	2	1	2
24	18	12	2	1	2
25	25	5	2	1	2
26	19	11	2	1	2
27	24	6	2	1	2
28	17	13	2	1	2
29	22	8	2	1	2
30	16	14	2	1	2
31	29	1	2	1	1
32	29	1	2	1	1
33	27	3	2	1	1
34	27	3	2	1	1
35	26	4	2	1	1
36	28	2	2	1	1
37	28	2	2	1	1
38	28	2	2	1	1
39	30	0	2	1	1
40	28	2	2	1	1
41	24	6	2	0	2
42	24	6	2	0	2
43	24	6	2	0	2
44	25	5	2	0	2
45	30	0	2	0	2
46	23	7	2	0	2
47	24	6	2	0	2
48	25	5	2	0	2
49	22	8	2	0	2
50	25	5	2	0	2
