mutation_id	ref_counts	var_counts	normal_cn	minor_cn	major_cn
1	30	30	2	1	1
2	31	29	2	1	1
3	33	27	2	1	1
4	24	36	2	1	1
5	30	30	2	1	1
6	27	33	2	1	1
7	25	35	2	1	1
8	27	33	2	1	1
9	29	31	2	1	1
10	35	25	2	1	1
11	35	25	2	1	1
12	33	27	2	1	1
13	37	23	2	1	1
14	30	30	2	1	1
15	30	30	2	1	1
16	33	27	2	1	1
17	26	34	2	1	1
18	31	29	2	1	1
19	30	30	2	1	1
20	26	34	2	1	1
21	47	13	2	1	2
22	39	21	2	1	2
23	43	17	2	1	2
24	42	18	2	1	2
25	44	16	2	1	2
26	42	18	2	1	2
27	50	10	2	1	2
28	41	19	2	1	2
29	48	12	2	1	2
30	44	16	2	1	2
31	55	5	2	1	1
32	55	5	2	1	1
33	56	4	2	1	1
34	56	4	2	1	1
35	58	2	2	1	1
36	52	8	2	1	1
37	56	4	2	1	1
38	53	7	2	1	1
39	56	4	2	1	1
40	56	4	2	1	1
41	38	22	2	0	2
42	52	8	2	0	2
43	43	17	2	0	2
44	43	17	2	0	2
45	42	18	2	0	2
46	47	13	2	0	2
47	46	14	2	0	2
48	44	16	2	0	2
49	52	8	2	0	2
50	53	7	2	0	2
