mutation_id	ref_counts	var_counts	normal_cn	minor_cn	major_cn
1	466	534	2	1	1
2	480	520	2	1	1
3	471	529	2	1	1
4	499	501	2	1	1
5	507	493	2	1	1
6	510	490	2	1	1
7	503	497	2	1	1
8	498	502	2	1	1
9	486	514	2	1	1
10	501	499	2	1	1
11	497	503	2	1	1
12	537	463	2	1	1
13	506	494	2	1	1
14	482	518	2	1	1
15	501	499	2	1	1
16	486	514	2	1	1
17	513	487	2	1	1
18	484	516	2	1	1
19	490	510	2	1	1
20	500	500	2	1	1
21	560	440	2	1	1
22	562	438	2	1	1
23	529	471	2	1	1
24	559	441	2	1	1
25	565	435	2	1	1
26	559	441	2	1	1
27	562	438	2	1	1
28	581	419	2	1	1
29	535	465	2	1	1
30	554	446	2	1	1
31	545	455	2	1	1
32	579	421	2	1	1
33	538	462	2	1	1
34	528	472	2	1	1
35	562	438	2	1	1
36	539	461	2	1	1
37	583	417	2	1	1
38	548	452	2	1	1
39	536	464	2	1	1
40	534	466	2	1	1
41	716	284	2	1	2
42	707	293	2	1	2
43	692	308	2	1	2
44	686	314	2	1	2
45	697	303	2	1	2
46	669	331	2	1	2
47	708	292	2	1	2
48	676	324	2	1	2
49	717	283	2	1	2
50	706	294	2	1	2
51	700	300	2	1	2
52	704	296	2	1	2
53	724	276	2	1	2
54	693	307	2	1	2
55	675	325	2	1	2
56	697	303	2	1	2
57	676	324	2	1	2
58	696	304	2	1	2
59	689	311	2	1	2
60	703	297	2	1	2
61	918	82	2	1	1
62	916	84	2	1	1
63	911	89	2	1	1
64	923	77	2	1	1
65	941	59	2	1	1
66	919	81	2	1	1
67	928	72	2	1	1
68	925	75	2	1	1
69	934	66	2	1	1
70	923	77	2	1	1
71	917	83	2	1	1
72	928	72	2	1	1
73	916	84	2	1	1
74	932	68	2	1	1
75	918	82	2	1	1
76	919	81	2	1	1
77	940	60	2	1	1
78	941	59	2	1	1
79	920	80	2	1	1
80	914	86	2	1	1
81	800	200	2	0	2
82	809	191	2	0	2
83	806	194	2	0	2
84	804	196	2	0	2
85	778	222	2	0	2
86	816	184	2	0	2
87	791	209	2	0	2
88	787	213	2	0	2
89	804	196	2	0	2
90	787	213	2	0	2
91	813	187	2	0	2
92	786	214	2	0	2
93	775	225	2	0	2
94	826	174	2	0	2
95	811	189	2	0	2
96	800	200	2	0	2
97	802	198	2	0	2
98	811	189	2	0	2
99	794	206	2	0	2
100	798	202	2	0	2
