mutation_id	ref_counts	var_counts	normal_cn	minor_cn	major_cn
1	28	32	2	1	1
2	33	27	2	1	1
3	28	32	2	1	1
4	35	25	2	1	1
5	31	29	2	1	1
6	30	30	2	1	1
7	31	29	2	1	1
8	27	33	2	1	1
9	31	29	2	1	1
10	24	36	2	1	1
11	36	24	2	1	1
12	27	33	2	1	1
13	31	29	2	1	1
14	38	22	2	1	1
15	27	33	2	1	1
16	32	28	2	1	1
17	32	28	2	1	1
18	40	20	2	1	1
19	35	25	2	1	1
20	27	33	2	1	1
21	42	18	2	1	2
22	40	20	2	1	2
23	42	18	2	1	2
24	47	13	2	1	2
25	37	23	2	1	2
26	35	25	2	1	2
27	42	18	2	1	2
28	44	16	2	1	2
29	39	21	2	1	2
30	48	12	2	1	2
31	59	1	2	1	1
32	57	3	2	1	1
33	59	1	2	1	1
34	56	4	2	1	1
35	53	7	2	1	1
36	53	7	2	1	1
37	53	7	2	1	1
38	54	6	2	1	1
39	54	6	2	1	1
40	55	5	2	1	1
41	45	15	2	0	2
42	47	13	2	0	2
43	44	16	2	0	2
44	48	12	2	0	2
45	48	12	2	0	2
46	53	7	2	0	2
47	42	18	2	0	2
48	50	10	2	0	2
49	47	13	2	0	2
50	48	12	2	0	2
