mutation_id	ref_counts	var_counts	normal_cn	minor_cn	major_cn
1	469	531	2	1	1
2	492	508	2	1	1
3	480	520	2	1	1
4	482	518	2	1	1
5	495	505	2	1	1
6	475	525	2	1	1
7	521	479	2	1	1
8	520	480	2	1	1
9	499	501	2	1	1
10	500	500	2	1	1
11	492	508	2	1	1
12	498	502	2	1	1
13	502	498	2	1	1
14	510	490	2	1	1
15	504	496	2	1	1
16	517	483	2	1	1
17	526	474	2	1	1
18	512	488	2	1	1
19	498	502	2	1	1
20	472	528	2	1	1
21	552	448	2	1	1
22	549	451	2	1	1
23	533	467	2	1	1
24	558	442	2	1	1
25	548	452	2	1	1
26	537	463	2	1	1
27	549	451	2	1	1
28	558	442	2	1	1
29	574	426	2	1	1
30	570	430	2	1	1
31	523	477	2	1	1
32	524	476	2	1	1
33	578	422	2	1	1
34	554	446	2	1	1
35	568	432	2	1	1
36	535	465	2	1	1
37	556	444	2	1	1
38	575	425	2	1	1
39	559	441	2	1	1
40	582	418	2	1	1
41	694	306	2	1	2
42	671	329	2	1	2
43	717	283	2	1	2
44	673	327	2	1	2
45	689	311	2	1	2
46	693	307	2	1	2
47	697	303	2	1	2
48	691	309	2	1	2
49	682	318	2	1	2
50	693	307	2	1	2
51	688	312	2	1	2
52	692	308	2	1	2
53	684	316	2	1	2
54	694	306	2	1	2
55	698	302	2	1	2
56	709	291	2	1	2
57	705	295	2	1	2
58	690	310	2	1	2
59	703	297	2	1	2
60	704	296	2	1	2
61	930	70	2	1	1
62	918	82	2	1	1
63	920	80	2	1	1
64	931	69	2	1	1
65	928	72	2	1	1
66	941	59	2	1	1
67	930	70	2	1	1
68	930	70	2	1	1
69	933	67	2	1	1
70	929	71	2	1	1
71	939	61	2	1	1
72	932	68	2	1	1
73	932	68	2	1	1
74	942	58	2	1	1
75	930	70	2	1	1
76	921	79	2	1	1
77	921	79	2	1	1
78	926	74	2	1	1
79	926	74	2	1	1
80	928	72	2	1	1
81	812	188	2	0	2
82	798	202	2	0	2
83	787	213	2	0	2
84	811	189	2	0	2
85	789	211	2	0	2
86	791	209	2	0	2
87	782	218	2	0	2
88	785	215	2	0	2
89	778	222	2	0	2
90	804	196	2	0	2
91	803	197	2	0	2
92	817	183	2	0	2
93	792	208	2	0	2
94	820	180	2	0	2
95	794	206	2	0	2
96	806	194	2	0	2
97	822	178	2	0	2
98	803	197	2	0	2
99	781	219	2	0	2
100	800	200	2	0	2
