mutation_id	ref_counts	var_counts	normal_cn	minor_cn	major_cn
1	58	62	2	1	1
2	57	63	2	1	1
3	53	67	2	1	1
4	55	65	2	1	1
5	63	57	2	1	1
6	57	63	2	1	1
7	56	64	2	1	1
8	65	55	2	1	1
9	69	51	2	1	1
10	59	61	2	1	1
11	70	50	2	1	1
12	70	50	2	1	1
13	71	49	2	1	1
14	61	59	2	1	1
15	68	52	2	1	1
16	67	53	2	1	1
17	73	47	2	1	1
18	58	62	2	1	1
19	73	47	2	1	1
20	64	56	2	1	1
21	81	39	2	1	2
22	87	33	2	1	2
23	76	44	2	1	2
24	80	40	2	1	2
25	81	39	2	1	2
26	84	36	2	1	2
27	83	37	2	1	2
28	83	37	2	1	2
29	84	36	2	1	2
30	80	40	2	1	2
31	113	7	2	1	1
32	106	14	2	1	1
33	104	16	2	1	1
34	109	11	2	1	1
35	107	13	2	1	1
36	109	11	2	1	1
37	106	14	2	1	1
38	109	11	2	1	1
39	114	6	2	1	1
40	113	7	2	1	1
41	96	24	2	0	2
42	97	23	2	0	2
43	91	29	2	0	2
44	104	16	2	0	2
45	92	28	2	0	2
46	97	23	2	0	2
47	95	25	2	0	2
48	96	24	2	0	2
49	105	15	2	0	2
50	93	27	2	0	2
