mutation_id	ref_counts	var_counts	normal_cn	minor_cn	major_cn
1	65	55	2	1	1
2	50	70	2	1	1
3	64	56	2	1	1
4	65	55	2	1	1
5	61	59	2	1	1
6	64	56	2	1	1
7	65	55	2	1	1
8	63	57	2	1	1
9	62	58	2	1	1
10	50	70	2	1	1
11	68	52	2	1	1
12	66	54	2	1	1
13	64	56	2	1	1
14	57	63	2	1	1
15	58	62	2	1	1
16	53	67	2	1	1
17	62	58	2	1	1
18	64	56	2	1	1
19	68	52	2	1	1
20	46	74	2	1	1
21	64	56	2	1	1
22	61	59	2	1	1
23	62	58	2	1	1
24	65	55	2	1	1
25	66	54	2	1	1
26	66	54	2	1	1
27	72	48	2	1	1
28	64	56	2	1	1
29	62	58	2	1	1
30	64	56	2	1	1
31	67	53	2	1	1
32	58	62	2	1	1
33	69	51	2	1	1
34	71	49	2	1	1
35	77	43	2	1	1
36	76	44	2	1	1
37	69	51	2	1	1
38	67	53	2	1	1
39	62	58	2	1	1
40	64	56	2	1	1
41	79	41	2	1	2
42	86	34	2	1	2
43	89	31	2	1	2
44	82	38	2	1	2
45	87	33	2	1	2
46	78	42	2	1	2
47	83	37	2	1	2
48	87	33	2	1	2
49	91	29	2	1	2
50	82	38	2	1	2
51	88	32	2	1	2
52	78	42	2	1	2
53	82	38	2	1	2
54	80	40	2	1	2
55	73	47	2	1	2
56	86	34	2	1	2
57	88	32	2	1	2
58	76	44	2	1	2
59	83	37	2	1	2
60	80	40	2	1	2
61	111	9	2	1	1
62	111	9	2	1	1
63	112	8	2	1	1
64	112	8	2	1	1
65	111	9	2	1	1
66	103	17	2	1	1
67	111	9	2	1	1
68	111	9	2	1	1
69	112	8	2	1	1
70	108	12	2	1	1
71	106	14	2	1	1
72	106	14	2	1	1
73	114	6	2	1	1
74	107	13	2	1	1
75	110	10	2	1	1
76	110	10	2	1	1
77	113	7	2	1	1
78	116	4	2	1	1
79	109	11	2	1	1
80	113	7	2	1	1
81	98	22	2	0	2
82	100	20	2	0	2
83	93	27	2	0	2
84	96	24	2	0	2
85	90	30	2	0	2
86	100	20	2	0	2
87	96	24	2	0	2
88	92	28	2	0	2
89	95	25	2	0	2
90	91	29	2	0	2
91	98	22	2	0	2
92	104	16	2	0	2
93	94	26	2	0	2
94	99	21	2	0	2
95	97	23	2	0	2
96	91	29	2	0	2
97	96	24	2	0	2
98	95	25	2	0	2
99	99	21	2	0	2
100	98	22	2	0	2
