mutation_id	ref_counts	var_counts	normal_cn	minor_cn	major_cn
1	32	28	2	1	1
2	29	31	2	1	1
3	38	22	2	1	1
4	36	24	2	1	1
5	24	36	2	1	1
6	32	28	2	1	1
7	31	29	2	1	1
8	30	30	2	1	1
9	29	31	2	1	1
10	32	28	2	1	1
11	34	26	2	1	1
12	43	17	2	1	1
13	39	21	2	1	1
14	27	33	2	1	1
15	30	30	2	1	1
16	27	33	2	1	1
17	35	25	2	1	1
18	32	28	2	1	1
19	30	30	2	1	1
20	33	27	2	1	1
21	45	15	2	1	2
22	41	19	2	1	2
23	43	17	2	1	2
24	42	18	2	1	2
25	39	21	2	1	2
26	46	14	2	1	2
27	46	14	2	1	2
28	37	23	2	1	2
29	39	21	2	1	2
30	42	18	2	1	2
31	57	3	2	1	1
32	56	4	2	1	1
33	60	0	2	1	1
34	55	5	2	1	1
35	55	5	2	1	1
36	55	5	2	1	1
37	57	3	2	1	1
38	55	5	2	1	1
39	57	3	2	1	1
40	52	8	2	1	1
41	49	11	2	0	2
42	49	11	2	0	2
43	47	13	2	0	2
44	49	11	2	0	2
45	46	14	2	0	2
46	47	13	2	0	2
47	49	11	2	0	2
48	50	10	2	0	2
49	50	10	2	0	2
50	49	11	2	0	2
