mutation_id	ref_counts	var_counts	normal_cn	minor_cn	major_cn
1	55	65	2	1	1
2	61	59	2	1	1
3	63	57	2	1	1
4	61	59	2	1	1
5	65	55	2	1	1
6	57	63	2	1	1
7	70	50	2	1	1
8	62	58	2	1	1
9	47	73	2	1	1
10	69	51	2	1	1
11	62	58	2	1	1
12	65	55	2	1	1
13	51	69	2	1	1
14	53	67	2	1	1
15	72	48	2	1	1
16	60	60	2	1	1
17	55	65	2	1	1
18	66	54	2	1	1
19	63	57	2	1	1
20	61	59	2	1	1
21	72	48	2	1	1
22	68	52	2	1	1
23	71	49	2	1	1
24	65	55	2	1	1
25	64	56	2	1	1
26	66	54	2	1	1
27	60	60	2	1	1
28	81	39	2	1	1
29	70	50	2	1	1
30	69	51	2	1	1
31	72	48	2	1	1
32	75	45	2	1	1
33	75	45	2	1	1
34	73	47	2	1	1
35	72	48	2	1	1
36	69	51	2	1	1
37	67	53	2	1	1
38	74	46	2	1	1
39	68	52	2	1	1
40	63	57	2	1	1
41	85	35	2	1	2
42	85	35	2	1	2
43	76	44	2	1	2
44	77	43	2	1	2
45	84	36	2	1	2
46	94	26	2	1	2
47	83	37	2	1	2
48	87	33	2	1	2
49	90	30	2	1	2
50	78	42	2	1	2
51	80	40	2	1	2
52	84	36	2	1	2
53	76	44	2	1	2
54	95	25	2	1	2
55	88	32	2	1	2
56	84	36	2	1	2
57	79	41	2	1	2
58	87	33	2	1	2
59	94	26	2	1	2
60	86	34	2	1	2
61	106	14	2	1	1
62	113	7	2	1	1
63	114	6	2	1	1
64	110	10	2	1	1
65	111	9	2	1	1
66	112	8	2	1	1
67	109	11	2	1	1
68	113	7	2	1	1
69	108	12	2	1	1
70	110	10	2	1	1
71	116	4	2	1	1
72	108	12	2	1	1
73	106	14	2	1	1
74	112	8	2	1	1
75	111	9	2	1	1
76	118	2	2	1	1
77	113	7	2	1	1
78	114	6	2	1	1
79	111	9	2	1	1
80	112	8	2	1	1
81	88	32	2	0	2
82	96	24	2	0	2
83	96	24	2	0	2
84	96	24	2	0	2
85	104	16	2	0	2
86	91	29	2	0	2
87	91	29	2	0	2
88	95	25	2	0	2
89	96	24	2	0	2
90	96	24	2	0	2
91	94	26	2	0	2
92	98	22	2	0	2
93	95	25	2	0	2
94	90	30	2	0	2
95	96	24	2	0	2
96	93	27	2	0	2
97	98	22	2	0	2
98	98	22	2	0	2
99	90	30	2	0	2
100	101	19	2	0	2
