mutation_id	ref_counts	var_counts	normal_cn	minor_cn	major_cn
1	66	54	2	1	1
2	61	59	2	1	1
3	47	73	2	1	1
4	53	67	2	1	1
5	64	56	2	1	1
6	59	61	2	1	1
7	53	67	2	1	1
8	69	51	2	1	1
9	57	63	2	1	1
10	59	61	2	1	1
11	70	50	2	1	1
12	66	54	2	1	1
13	61	59	2	1	1
14	81	39	2	1	1
15	69	51	2	1	1
16	66	54	2	1	1
17	70	50	2	1	1
18	64	56	2	1	1
19	69	51	2	1	1
20	65	55	2	1	1
21	78	42	2	1	2
22	87	33	2	1	2
23	82	38	2	1	2
24	80	40	2	1	2
25	86	34	2	1	2
26	79	41	2	1	2
27	73	47	2	1	2
28	81	39	2	1	2
29	83	37	2	1	2
30	85	35	2	1	2
31	113	7	2	1	1
32	111	9	2	1	1
33	109	11	2	1	1
34	113	7	2	1	1
35	113	7	2	1	1
36	106	14	2	1	1
37	112	8	2	1	1
38	102	18	2	1	1
39	112	8	2	1	1
40	110	10	2	1	1
41	100	20	2	0	2
42	95	25	2	0	2
43	101	19	2	0	2
44	86	34	2	0	2
45	87	33	2	0	2
46	96	24	2	0	2
47	86	34	2	0	2
48	102	18	2	0	2
49	100	20	2	0	2
50	89	31	2	0	2
