mutation_id	ref_counts	var_counts	normal_cn	minor_cn	major_cn
1	30	30	2	1	1
2	36	24	2	1	1
3	26	34	2	1	1
4	29	31	2	1	1
5	34	26	2	1	1
6	27	33	2	1	1
7	25	35	2	1	1
8	25	35	2	1	1
9	29	31	2	1	1
10	28	32	2	1	1
11	27	33	2	1	1
12	29	31	2	1	1
13	32	28	2	1	1
14	25	35	2	1	1
15	34	26	2	1	1
16	32	28	2	1	1
17	30	30	2	1	1
18	34	26	2	1	1
19	33	27	2	1	1
20	23	37	2	1	1
21	28	32	2	1	1
22	34	26	2	1	1
23	28	32	2	1	1
24	29	31	2	1	1
25	27	33	2	1	1
26	30	30	2	1	1
27	33	27	2	1	1
28	33	27	2	1	1
29	34	26	2	1	1
30	31	29	2	1	1
31	36	24	2	1	1
32	25	35	2	1	1
33	35	25	2	1	1
34	39	21	2	1	1
35	38	22	2	1	1
36	37	23	2	1	1
37	30	30	2	1	1
38	32	28	2	1	1
39	29	31	2	1	1
40	38	22	2	1	1
41	39	21	2	1	2
42	47	13	2	1	2
43	43	17	2	1	2
44	43	17	2	1	2
45	44	16	2	1	2
46	42	18	2	1	2
47	39	21	2	1	2
48	44	16	2	1	2
49	40	20	2	1	2
50	45	15	2	1	2
51	40	20	2	1	2
52	36	24	2	1	2
53	43	17	2	1	2
54	37	23	2	1	2
55	46	14	2	1	2
56	40	20	2	1	2
57	40	20	2	1	2
58	37	23	2	1	2
59	41	19	2	1	2
60	45	15	2	1	2
61	51	9	2	1	1
62	54	6	2	1	1
63	55	5	2	1	1
64	55	5	2	1	1
65	55	5	2	1	1
66	57	3	2	1	1
67	50	10	2	1	1
68	58	2	2	1	1
69	57	3	2	1	1
70	56	4	2	1	1
71	53	7	2	1	1
72	57	3	2	1	1
73	59	1	2	1	1
74	52	8	2	1	1
75	54	6	2	1	1
76	57	3	2	1	1
77	57	3	2	1	1
78	56	4	2	1	1
79	56	4	2	1	1
80	56	4	2	1	1
81	45	15	2	0	2
82	45	15	2	0	2
83	49	11	2	0	2
84	50	10	2	0	2
85	44	16	2	0	2
86	48	12	2	0	2
87	47	13	2	0	2
88	47	13	2	0	2
89	45	15	2	0	2
90	42	18	2	0	2
91	45	15	2	0	2
92	46	14	2	0	2
93	54	6	2	0	2
94	48	12	2	0	2
95	47	13	2	0	2
96	48	12	2	0	2
97	47	13	2	0	2
98	51	9	2	0	2
99	52	8	2	0	2
100	49	11	2	0	2
