mutation_id	ref_counts	var_counts	normal_cn	minor_cn	major_cn
1	34	26	2	1	1
2	33	27	2	1	1
3	24	36	2	1	1
4	32	28	2	1	1
5	32	28	2	1	1
6	37	23	2	1	1
7	38	22	2	1	1
8	29	31	2	1	1
9	33	27	2	1	1
10	36	24	2	1	1
11	30	30	2	1	1
12	31	29	2	1	1
13	30	30	2	1	1
14	33	27	2	1	1
15	23	37	2	1	1
16	33	27	2	1	1
17	37	23	2	1	1
18	36	24	2	1	1
19	32	28	2	1	1
20	33	27	2	1	1
21	42	18	2	1	2
22	47	13	2	1	2
23	48	12	2	1	2
24	41	19	2	1	2
25	42	18	2	1	2
26	47	13	2	1	2
27	42	18	2	1	2
28	34	26	2	1	2
29	40	20	2	1	2
30	45	15	2	1	2
31	58	2	2	1	1
32	54	6	2	1	1
33	56	4	2	1	1
34	55	5	2	1	1
35	52	8	2	1	1
36	54	6	2	1	1
37	58	2	2	1	1
38	57	3	2	1	1
39	53	7	2	1	1
40	59	1	2	1	1
41	53	7	2	0	2
42	47	13	2	0	2
43	47	13	2	0	2
44	48	12	2	0	2
45	48	12	2	0	2
46	52	8	2	0	2
47	52	8	2	0	2
48	52	8	2	0	2
49	48	12	2	0	2
50	43	17	2	0	2
