mutation_id	ref_counts	var_counts	normal_cn	minor_cn	major_cn
1	476	524	2	1	1
2	512	488	2	1	1
3	481	519	2	1	1
4	509	491	2	1	1
5	478	522	2	1	1
6	509	491	2	1	1
7	530	470	2	1	1
8	477	523	2	1	1
9	492	508	2	1	1
10	489	511	2	1	1
11	498	502	2	1	1
12	481	519	2	1	1
13	498	502	2	1	1
14	486	514	2	1	1
15	503	497	2	1	1
16	530	470	2	1	1
17	482	518	2	1	1
18	497	503	2	1	1
19	510	490	2	1	1
20	507	493	2	1	1
21	550	450	2	1	1
22	561	439	2	1	1
23	568	432	2	1	1
24	535	465	2	1	1
25	546	454	2	1	1
26	559	441	2	1	1
27	615	385	2	1	1
28	534	466	2	1	1
29	561	439	2	1	1
30	536	464	2	1	1
31	562	438	2	1	1
32	574	426	2	1	1
33	525	475	2	1	1
34	552	448	2	1	1
35	558	442	2	1	1
36	555	445	2	1	1
37	548	452	2	1	1
38	534	466	2	1	1
39	552	448	2	1	1
40	553	447	2	1	1
41	702	298	2	1	2
42	710	290	2	1	2
43	690	310	2	1	2
44	712	288	2	1	2
45	690	310	2	1	2
46	655	345	2	1	2
47	725	275	2	1	2
48	672	328	2	1	2
49	713	287	2	1	2
50	678	322	2	1	2
51	701	299	2	1	2
52	680	320	2	1	2
53	710	290	2	1	2
54	690	310	2	1	2
55	709	291	2	1	2
56	702	298	2	1	2
57	693	307	2	1	2
58	684	316	2	1	2
59	684	316	2	1	2
60	673	327	2	1	2
61	913	87	2	1	1
62	911	89	2	1	1
63	905	95	2	1	1
64	901	99	2	1	1
65	932	68	2	1	1
66	925	75	2	1	1
67	921	79	2	1	1
68	910	90	2	1	1
69	928	72	2	1	1
70	936	64	2	1	1
71	919	81	2	1	1
72	916	84	2	1	1
73	914	86	2	1	1
74	917	83	2	1	1
75	928	72	2	1	1
76	928	72	2	1	1
77	923	77	2	1	1
78	933	67	2	1	1
79	932	68	2	1	1
80	918	82	2	1	1
81	769	231	2	0	2
82	828	172	2	0	2
83	809	191	2	0	2
84	782	218	2	0	2
85	796	204	2	0	2
86	800	200	2	0	2
87	816	184	2	0	2
88	816	184	2	0	2
89	804	196	2	0	2
90	803	197	2	0	2
91	814	186	2	0	2
92	814	186	2	0	2
93	773	227	2	0	2
94	802	198	2	0	2
95	798	202	2	0	2
96	802	198	2	0	2
97	787	213	2	0	2
98	804	196	2	0	2
99	805	195	2	0	2
100	824	176	2	0	2
