mutation_id	ref_counts	var_counts	normal_cn	minor_cn	major_cn
1	28	32	2	1	1
2	28	32	2	1	1
3	39	21	2	1	1
4	34	26	2	1	1
5	31	29	2	1	1
6	35	25	2	1	1
7	24	36	2	1	1
8	34	26	2	1	1
9	33	27	2	1	1
10	31	29	2	1	1
11	27	33	2	1	1
12	35	25	2	1	1
13	32	28	2	1	1
14	38	22	2	1	1
15	33	27	2	1	1
16	27	33	2	1	1
17	33	27	2	1	1
18	26	34	2	1	1
19	27	33	2	1	1
20	31	29	2	1	1
21	44	16	2	1	2
22	38	22	2	1	2
23	45	15	2	1	2
24	41	19	2	1	2
25	46	14	2	1	2
26	44	16	2	1	2
27	46	14	2	1	2
28	43	17	2	1	2
29	44	16	2	1	2
30	46	14	2	1	2
31	56	4	2	1	1
32	53	7	2	1	1
33	53	7	2	1	1
34	58	2	2	1	1
35	52	8	2	1	1
36	55	5	2	1	1
37	54	6	2	1	1
38	56	4	2	1	1
39	60	0	2	1	1
40	57	3	2	1	1
41	50	10	2	0	2
42	45	15	2	0	2
43	50	10	2	0	2
44	46	14	2	0	2
45	50	10	2	0	2
46	52	8	2	0	2
47	44	16	2	0	2
48	51	9	2	0	2
49	50	10	2	0	2
50	48	12	2	0	2
