mutation_id	ref_counts	var_counts	normal_cn	minor_cn	major_cn
1	481	519	2	1	1
2	503	497	2	1	1
3	500	500	2	1	1
4	484	516	2	1	1
5	507	493	2	1	1
6	485	515	2	1	1
7	502	498	2	1	1
8	489	511	2	1	1
9	510	490	2	1	1
10	488	512	2	1	1
11	552	448	2	1	1
12	560	440	2	1	1
13	559	441	2	1	1
14	528	472	2	1	1
15	560	440	2	1	1
16	564	436	2	1	1
17	550	450	2	1	1
18	572	428	2	1	1
19	562	438	2	1	1
20	550	450	2	1	1
21	679	321	2	1	2
22	669	331	2	1	2
23	698	302	2	1	2
24	710	290	2	1	2
25	687	313	2	1	2
26	714	286	2	1	2
27	690	310	2	1	2
28	696	304	2	1	2
29	711	289	2	1	2
30	675	325	2	1	2
31	937	63	2	1	1
32	915	85	2	1	1
33	920	80	2	1	1
34	919	81	2	1	1
35	916	84	2	1	1
36	927	73	2	1	1
37	929	71	2	1	1
38	943	57	2	1	1
39	939	61	2	1	1
40	929	71	2	1	1
41	784	216	2	0	2
42	831	169	2	0	2
43	820	180	2	0	2
44	778	222	2	0	2
45	798	202	2	0	2
46	802	198	2	0	2
47	783	217	2	0	2
48	819	181	2	0	2
49	814	186	2	0	2
50	784	216	2	0	2
