mutation_id	ref_counts	var_counts	normal_cn	minor_cn	major_cn
1	30	30	2	1	1
2	28	32	2	1	1
3	27	33	2	1	1
4	21	39	2	1	1
5	33	27	2	1	1
6	29	31	2	1	1
7	27	33	2	1	1
8	28	32	2	1	1
9	28	32	2	1	1
10	31	29	2	1	1
11	33	27	2	1	1
12	30	30	2	1	1
13	30	30	2	1	1
14	39	21	2	1	1
15	36	24	2	1	1
16	26	34	2	1	1
17	19	41	2	1	1
18	30	30	2	1	1
19	32	28	2	1	1
20	28	32	2	1	1
21	37	23	2	1	1
22	30	30	2	1	1
23	37	23	2	1	1
24	34	26	2	1	1
25	36	24	2	1	1
26	36	24	2	1	1
27	34	26	2	1	1
28	31	29	2	1	1
29	32	28	2	1	1
30	39	21	2	1	1
31	34	26	2	1	1
32	33	27	2	1	1
33	38	22	2	1	1
34	36	24	2	1	1
35	33	27	2	1	1
36	30	30	2	1	1
37	29	31	2	1	1
38	40	20	2	1	1
39	39	21	2	1	1
40	31	29	2	1	1
41	36	24	2	1	2
42	46	14	2	1	2
43	45	15	2	1	2
44	46	14	2	1	2
45	38	22	2	1	2
46	42	18	2	1	2
47	42	18	2	1	2
48	41	19	2	1	2
49	41	19	2	1	2
50	35	25	2	1	2
51	41	19	2	1	2
52	45	15	2	1	2
53	43	17	2	1	2
54	42	18	2	1	2
55	48	12	2	1	2
56	43	17	2	1	2
57	43	17	2	1	2
58	39	21	2	1	2
59	41	19	2	1	2
60	40	20	2	1	2
61	55	5	2	1	1
62	56	4	2	1	1
63	53	7	2	1	1
64	54	6	2	1	1
65	56	4	2	1	1
66	55	5	2	1	1
67	58	2	2	1	1
68	57	3	2	1	1
69	58	2	2	1	1
70	54	6	2	1	1
71	54	6	2	1	1
72	56	4	2	1	1
73	53	7	2	1	1
74	54	6	2	1	1
75	57	3	2	1	1
76	58	2	2	1	1
77	53	7	2	1	1
78	57	3	2	1	1
79	58	2	2	1	1
80	56	4	2	1	1
81	44	16	2	0	2
82	49	11	2	0	2
83	47	13	2	0	2
84	48	12	2	0	2
85	52	8	2	0	2
86	48	12	2	0	2
87	48	12	2	0	2
88	47	13	2	0	2
89	45	15	2	0	2
90	49	11	2	0	2
91	50	10	2	0	2
92	49	11	2	0	2
93	50	10	2	0	2
94	46	14	2	0	2
95	52	8	2	0	2
96	42	18	2	0	2
97	53	7	2	0	2
98	49	11	2	0	2
99	55	5	2	0	2
100	49	11	2	0	2
