mutation_id	ref_counts	var_counts	normal_cn	minor_cn	major_cn
1	32	28	2	1	1
2	33	27	2	1	1
3	25	35	2	1	1
4	37	23	2	1	1
5	28	32	2	1	1
6	32	28	2	1	1
7	37	23	2	1	1
8	36	24	2	1	1
9	28	32	2	1	1
10	29	31	2	1	1
11	32	28	2	1	1
12	40	20	2	1	1
13	30	30	2	1	1
14	39	21	2	1	1
15	37	23	2	1	1
16	32	28	2	1	1
17	34	26	2	1	1
18	32	28	2	1	1
19	23	37	2	1	1
20	31	29	2	1	1
21	41	19	2	1	2
22	49	11	2	1	2
23	40	20	2	1	2
24	41	19	2	1	2
25	46	14	2	1	2
26	41	19	2	1	2
27	41	19	2	1	2
28	40	20	2	1	2
29	39	21	2	1	2
30	44	16	2	1	2
31	54	6	2	1	1
32	57	3	2	1	1
33	57	3	2	1	1
34	56	4	2	1	1
35	56	4	2	1	1
36	53	7	2	1	1
37	54	6	2	1	1
38	57	3	2	1	1
39	58	2	2	1	1
40	56	4	2	1	1
41	49	11	2	0	2
42	48	12	2	0	2
43	50	10	2	0	2
44	41	19	2	0	2
45	47	13	2	0	2
46	44	16	2	0	2
47	50	10	2	0	2
48	49	11	2	0	2
49	46	14	2	0	2
50	47	13	2	0	2
