mutation_id	ref_counts	var_counts	normal_cn	minor_cn	major_cn
1	33	27	2	1	1
2	26	34	2	1	1
3	30	30	2	1	1
4	36	24	2	1	1
5	31	29	2	1	1
6	31	29	2	1	1
7	32	28	2	1	1
8	31	29	2	1	1
9	30	30	2	1	1
10	30	30	2	1	1
11	31	29	2	1	1
12	36	24	2	1	1
13	30	30	2	1	1
14	31	29	2	1	1
15	30	30	2	1	1
16	32	28	2	1	1
17	37	23	2	1	1
18	26	34	2	1	1
19	33	27	2	1	1
20	37	23	2	1	1
21	48	12	2	1	2
22	38	22	2	1	2
23	33	27	2	1	2
24	44	16	2	1	2
25	38	22	2	1	2
26	39	21	2	1	2
27	47	13	2	1	2
28	38	22	2	1	2
29	40	20	2	1	2
30	40	20	2	1	2
31	58	2	2	1	1
32	54	6	2	1	1
33	57	3	2	1	1
34	56	4	2	1	1
35	58	2	2	1	1
36	57	3	2	1	1
37	58	2	2	1	1
38	58	2	2	1	1
39	56	4	2	1	1
40	58	2	2	1	1
41	47	13	2	0	2
42	48	12	2	0	2
43	46	14	2	0	2
44	47	13	2	0	2
45	42	18	2	0	2
46	51	9	2	0	2
47	48	12	2	0	2
48	53	7	2	0	2
49	48	12	2	0	2
50	44	16	2	0	2
