mutation_id	ref_counts	var_counts	normal_cn	minor_cn	major_cn
1	23	7	2	1	1
2	14	16	2	1	1
3	15	15	2	1	1
4	12	18	2	1	1
5	16	14	2	1	1
6	13	17	2	1	1
7	14	16	2	1	1
8	16	14	2	1	1
9	17	13	2	1	1
10	14	16	2	1	1
11	16	14	2	1	1
12	16	14	2	1	1
13	13	17	2	1	1
14	9	21	2	1	1
15	17	13	2	1	1
16	14	16	2	1	1
17	15	15	2	1	1
18	19	11	2	1	1
19	18	12	2	1	1
20	18	12	2	1	1
21	20	10	2	1	2
22	21	9	2	1	2
23	19	11	2	1	2
24	23	7	2	1	2
25	21	9	2	1	2
26	21	9	2	1	2
27	22	8	2	1	2
28	18	12	2	1	2
29	22	8	2	1	2
30	22	8	2	1	2
31	28	2	2	1	1
32	27	3	2	1	1
33	27	3	2	1	1
34	29	1	2	1	1
35	29	1	2	1	1
36	28	2	2	1	1
37	30	0	2	1	1
38	28	2	2	1	1
39	29	1	2	1	1
40	30	0	2	1	1
41	26	4	2	0	2
42	19	11	2	0	2
43	27	3	2	0	2
44	21	9	2	0	2
45	22	8	2	0	2
46	26	4	2	0	2
47	21	9	2	0	2
48	26	4	2	0	2
49	25	5	2	0	2
50	26	4	2	0	2
