mutation_id	ref_counts	var_counts	normal_cn	minor_cn	major_cn
1	65	55	2	1	1
2	67	53	2	1	1
3	52	68	2	1	1
4	57	63	2	1	1
5	65	55	2	1	1
6	69	51	2	1	1
7	54	66	2	1	1
8	60	60	2	1	1
9	63	57	2	1	1
10	58	62	2	1	1
11	66	54	2	1	1
12	73	47	2	1	1
13	65	55	2	1	1
14	61	59	2	1	1
15	61	59	2	1	1
16	66	54	2	1	1
17	72	48	2	1	1
18	72	48	2	1	1
19	66	54	2	1	1
20	65	55	2	1	1
21	83	37	2	1	2
22	76	44	2	1	2
23	91	29	2	1	2
24	92	28	2	1	2
25	82	38	2	1	2
26	93	27	2	1	2
27	87	33	2	1	2
28	84	36	2	1	2
29	81	39	2	1	2
30	77	43	2	1	2
31	116	4	2	1	1
32	111	9	2	1	1
33	109	11	2	1	1
34	114	6	2	1	1
35	109	11	2	1	1
36	114	6	2	1	1
37	110	10	2	1	1
38	110	10	2	1	1
39	112	8	2	1	1
40	111	9	2	1	1
41	98	22	2	0	2
42	100	20	2	0	2
43	93	27	2	0	2
44	93	27	2	0	2
45	97	23	2	0	2
46	90	30	2	0	2
47	96	24	2	0	2
48	97	23	2	0	2
49	98	22	2	0	2
50	94	26	2	0	2
