mutation_id	ref_counts	var_counts	normal_cn	minor_cn	major_cn
1	12	18	2	1	1
2	15	15	2	1	1
3	13	17	2	1	1
4	15	15	2	1	1
5	12	18	2	1	1
6	9	21	2	1	1
7	17	13	2	1	1
8	15	15	2	1	1
9	19	11	2	1	1
10	18	12	2	1	1
11	14	16	2	1	1
12	13	17	2	1	1
13	14	16	2	1	1
14	11	19	2	1	1
15	19	11	2	1	1
16	16	14	2	1	1
17	21	9	2	1	1
18	15	15	2	1	1
19	22	8	2	1	1
20	14	16	2	1	1
21	21	9	2	1	2
22	18	12	2	1	2
23	20	10	2	1	2
24	24	6	2	1	2
25	20	10	2	1	2
26	24	6	2	1	2
27	23	7	2	1	2
28	18	12	2	1	2
29	18	12	2	1	2
30	24	6	2	1	2
31	26	4	2	1	1
32	28	2	2	1	1
33	25	5	2	1	1
34	29	1	2	1	1
35	29	1	2	1	1
36	27	3	2	1	1
37	25	5	2	1	1
38	26	4	2	1	1
39	27	3	2	1	1
40	25	5	2	1	1
41	25	5	2	0	2
42	23	7	2	0	2
43	21	9	2	0	2
44	25	5	2	0	2
45	28	2	2	0	2
46	25	5	2	0	2
47	25	5	2	0	2
48	21	9	2	0	2
49	25	5	2	0	2
50	27	3	2	0	2
