mutation_id	ref_counts	var_counts	normal_cn	minor_cn	major_cn
1	15	15	2	1	1
2	14	16	2	1	1
3	14	16	2	1	1
4	18	12	2	1	1
5	19	11	2	1	1
6	16	14	2	1	1
7	16	14	2	1	1
8	11	19	2	1	1
9	12	18	2	1	1
10	17	13	2	1	1
11	14	16	2	1	1
12	18	12	2	1	1
13	17	13	2	1	1
14	20	10	2	1	1
15	20	10	2	1	1
16	11	19	2	1	1
17	15	15	2	1	1
18	12	18	2	1	1
19	15	15	2	1	1
20	17	13	2	1	1
21	22	8	2	1	2
22	20	10	2	1	2
23	16	14	2	1	2
24	23	7	2	1	2
25	22	8	2	1	2
26	20	10	2	1	2
27	23	7	2	1	2
28	23	7	2	1	2
29	20	10	2	1	2
30	23	7	2	1	2
31	27	3	2	1	1
32	30	0	2	1	1
33	29	1	2	1	1
34	26	4	2	1	1
35	28	2	2	1	1
36	28	2	2	1	1
37	26	4	2	1	1
38	27	3	2	1	1
39	28	2	2	1	1
40	28	2	2	1	1
41	25	5	2	0	2
42	21	9	2	0	2
43	24	6	2	0	2
44	23	7	2	0	2
45	26	4	2	0	2
46	26	4	2	0	2
47	22	8	2	0	2
48	29	1	2	0	2
49	24	6	2	0	2
50	23	7	2	0	2
