mutation_id	ref_counts	var_counts	normal_cn	minor_cn	major_cn
1	29	31	2	1	1
2	29	31	2	1	1
3	33	27	2	1	1
4	24	36	2	1	1
5	31	29	2	1	1
6	32	28	2	1	1
7	29	31	2	1	1
8	29	31	2	1	1
9	28	32	2	1	1
10	33	27	2	1	1
11	30	30	2	1	1
12	36	24	2	1	1
13	25	35	2	1	1
14	31	29	2	1	1
15	34	26	2	1	1
16	33	27	2	1	1
17	32	28	2	1	1
18	34	26	2	1	1
19	32	28	2	1	1
20	36	24	2	1	1
21	33	27	2	1	1
22	38	22	2	1	1
23	33	27	2	1	1
24	32	28	2	1	1
25	28	32	2	1	1
26	32	28	2	1	1
27	33	27	2	1	1
28	32	28	2	1	1
29	28	32	2	1	1
30	40	20	2	1	1
31	35	25	2	1	1
32	37	23	2	1	1
33	34	26	2	1	1
34	29	31	2	1	1
35	30	30	2	1	1
36	35	25	2	1	1
37	33	27	2	1	1
38	31	29	2	1	1
39	32	28	2	1	1
40	38	22	2	1	1
41	48	12	2	1	2
42	40	20	2	1	2
43	44	16	2	1	2
44	42	18	2	1	2
45	46	14	2	1	2
46	37	23	2	1	2
47	42	18	2	1	2
48	44	16	2	1	2
49	46	14	2	1	2
50	39	21	2	1	2
51	39	21	2	1	2
52	46	14	2	1	2
53	33	27	2	1	2
54	40	20	2	1	2
55	46	14	2	1	2
56	39	21	2	1	2
57	45	15	2	1	2
58	42	18	2	1	2
59	42	18	2	1	2
60	40	20	2	1	2
61	55	5	2	1	1
62	56	4	2	1	1
63	58	2	2	1	1
64	58	2	2	1	1
65	56	4	2	1	1
66	55	5	2	1	1
67	56	4	2	1	1
68	58	2	2	1	1
69	57	3	2	1	1
70	54	6	2	1	1
71	54	6	2	1	1
72	55	5	2	1	1
73	56	4	2	1	1
74	57	3	2	1	1
75	58	2	2	1	1
76	56	4	2	1	1
77	56	4	2	1	1
78	54	6	2	1	1
79	54	6	2	1	1
80	57	3	2	1	1
81	53	7	2	0	2
82	49	11	2	0	2
83	50	10	2	0	2
84	50	10	2	0	2
85	50	10	2	0	2
86	54	6	2	0	2
87	46	14	2	0	2
88	45	15	2	0	2
89	45	15	2	0	2
90	48	12	2	0	2
91	55	5	2	0	2
92	47	13	2	0	2
93	50	10	2	0	2
94	46	14	2	0	2
95	50	10	2	0	2
96	50	10	2	0	2
97	46	14	2	0	2
98	46	14	2	0	2
99	45	15	2	0	2
100	51	9	2	0	2
