mutation_id	ref_counts	var_counts	normal_cn	minor_cn	major_cn
1	58	62	2	1	1
2	52	68	2	1	1
3	55	65	2	1	1
4	58	62	2	1	1
5	56	64	2	1	1
6	62	58	2	1	1
7	57	63	2	1	1
8	66	54	2	1	1
9	67	53	2	1	1
10	54	66	2	1	1
11	57	63	2	1	1
12	78	42	2	1	1
13	67	53	2	1	1
14	74	46	2	1	1
15	63	57	2	1	1
16	64	56	2	1	1
17	57	63	2	1	1
18	66	54	2	1	1
19	63	57	2	1	1
20	65	55	2	1	1
21	85	35	2	1	2
22	80	40	2	1	2
23	83	37	2	1	2
24	83	37	2	1	2
25	86	34	2	1	2
26	88	32	2	1	2
27	86	34	2	1	2
28	86	34	2	1	2
29	81	39	2	1	2
30	89	31	2	1	2
31	111	9	2	1	1
32	115	5	2	1	1
33	113	7	2	1	1
34	111	9	2	1	1
35	113	7	2	1	1
36	110	10	2	1	1
37	109	11	2	1	1
38	111	9	2	1	1
39	110	10	2	1	1
40	106	14	2	1	1
41	100	20	2	0	2
42	98	22	2	0	2
43	97	23	2	0	2
44	95	25	2	0	2
45	97	23	2	0	2
46	101	19	2	0	2
47	93	27	2	0	2
48	100	20	2	0	2
49	102	18	2	0	2
50	97	23	2	0	2
