mutation_id	ref_counts	var_counts	normal_cn	minor_cn	major_cn
1	17	13	2	1	1
2	17	13	2	1	1
3	14	16	2	1	1
4	12	18	2	1	1
5	14	16	2	1	1
6	15	15	2	1	1
7	19	11	2	1	1
8	16	14	2	1	1
9	13	17	2	1	1
10	13	17	2	1	1
11	12	18	2	1	1
12	9	21	2	1	1
13	21	9	2	1	1
14	13	17	2	1	1
15	14	16	2	1	1
16	11	19	2	1	1
17	13	17	2	1	1
18	14	16	2	1	1
19	20	10	2	1	1
20	19	11	2	1	1
21	20	10	2	1	1
22	16	14	2	1	1
23	18	12	2	1	1
24	17	13	2	1	1
25	16	14	2	1	1
26	22	8	2	1	1
27	15	15	2	1	1
28	20	10	2	1	1
29	23	7	2	1	1
30	15	15	2	1	1
31	11	19	2	1	1
32	16	14	2	1	1
33	15	15	2	1	1
34	13	17	2	1	1
35	16	14	2	1	1
36	16	14	2	1	1
37	11	19	2	1	1
38	18	12	2	1	1
39	12	18	2	1	1
40	21	9	2	1	1
41	20	10	2	1	2
42	20	10	2	1	2
43	19	11	2	1	2
44	24	6	2	1	2
45	22	8	2	1	2
46	26	4	2	1	2
47	18	12	2	1	2
48	20	10	2	1	2
49	23	7	2	1	2
50	21	9	2	1	2
51	23	7	2	1	2
52	23	7	2	1	2
53	24	6	2	1	2
54	24	6	2	1	2
55	18	12	2	1	2
56	22	8	2	1	2
57	22	8	2	1	2
58	20	10	2	1	2
59	21	9	2	1	2
60	18	12	2	1	2
61	27	3	2	1	1
62	30	0	2	1	1
63	26	4	2	1	1
64	28	2	2	1	1
65	30	0	2	1	1
66	29	1	2	1	1
67	29	1	2	1	1
68	27	3	2	1	1
69	29	1	2	1	1
70	29	1	2	1	1
71	29	1	2	1	1
72	29	1	2	1	1
73	28	2	2	1	1
74	28	2	2	1	1
75	28	2	2	1	1
76	29	1	2	1	1
77	29	1	2	1	1
78	24	6	2	1	1
79	29	1	2	1	1
80	26	4	2	1	1
81	22	8	2	0	2
82	23	7	2	0	2
83	25	5	2	0	2
84	22	8	2	0	2
85	25	5	2	0	2
86	21	9	2	0	2
87	22	8	2	0	2
88	24	6	2	0	2
89	21	9	2	0	2
90	25	5	2	0	2
91	20	10	2	0	2
92	23	7	2	0	2
93	23	7	2	0	2
94	26	4	2	0	2
95	28	2	2	0	2
96	26	4	2	0	2
97	23	7	2	0	2
98	21	9	2	0	2
99	24	6	2	0	2
100	30	0	2	0	2
