mutation_id	ref_counts	var_counts	normal_cn	minor_cn	major_cn
1	29	31	2	1	1
2	32	28	2	1	1
3	27	33	2	1	1
4	23	37	2	1	1
5	33	27	2	1	1
6	40	20	2	1	1
7	35	25	2	1	1
8	28	32	2	1	1
9	27	33	2	1	1
10	27	33	2	1	1
11	28	32	2	1	1
12	27	33	2	1	1
13	37	23	2	1	1
14	27	33	2	1	1
15	29	31	2	1	1
16	32	28	2	1	1
17	34	26	2	1	1
18	25	35	2	1	1
19	26	34	2	1	1
20	34	26	2	1	1
21	36	24	2	1	1
22	31	29	2	1	1
23	34	26	2	1	1
24	26	34	2	1	1
25	30	30	2	1	1
26	37	23	2	1	1
27	32	28	2	1	1
28	29	31	2	1	1
29	36	24	2	1	1
30	31	29	2	1	1
31	29	31	2	1	1
32	30	30	2	1	1
33	38	22	2	1	1
34	30	30	2	1	1
35	33	27	2	1	1
36	36	24	2	1	1
37	37	23	2	1	1
38	27	33	2	1	1
39	34	26	2	1	1
40	34	26	2	1	1
41	38	22	2	1	2
42	45	15	2	1	2
43	40	20	2	1	2
44	35	25	2	1	2
45	43	17	2	1	2
46	38	22	2	1	2
47	43	17	2	1	2
48	46	14	2	1	2
49	46	14	2	1	2
50	44	16	2	1	2
51	39	21	2	1	2
52	45	15	2	1	2
53	41	19	2	1	2
54	43	17	2	1	2
55	39	21	2	1	2
56	44	16	2	1	2
57	43	17	2	1	2
58	41	19	2	1	2
59	36	24	2	1	2
60	39	21	2	1	2
61	56	4	2	1	1
62	54	6	2	1	1
63	54	6	2	1	1
64	56	4	2	1	1
65	54	6	2	1	1
66	54	6	2	1	1
67	60	0	2	1	1
68	54	6	2	1	1
69	57	3	2	1	1
70	55	5	2	1	1
71	51	9	2	1	1
72	56	4	2	1	1
73	57	3	2	1	1
74	54	6	2	1	1
75	57	3	2	1	1
76	56	4	2	1	1
77	56	4	2	1	1
78	53	7	2	1	1
79	56	4	2	1	1
80	55	5	2	1	1
81	48	12	2	0	2
82	48	12	2	0	2
83	43	17	2	0	2
84	43	17	2	0	2
85	47	13	2	0	2
86	45	15	2	0	2
87	50	10	2	0	2
88	47	13	2	0	2
89	46	14	2	0	2
90	48	12	2	0	2
91	49	11	2	0	2
92	46	14	2	0	2
93	51	9	2	0	2
94	57	3	2	0	2
95	53	7	2	0	2
96	45	15	2	0	2
97	46	14	2	0	2
98	47	13	2	0	2
99	50	10	2	0	2
100	48	12	2	0	2
