mutation_id	ref_counts	var_counts	normal_cn	minor_cn	major_cn
1	54	66	2	1	1
2	66	54	2	1	1
3	63	57	2	1	1
4	54	66	2	1	1
5	68	52	2	1	1
6	62	58	2	1	1
7	66	54	2	1	1
8	64	56	2	1	1
9	61	59	2	1	1
10	62	58	2	1	1
11	65	55	2	1	1
12	66	54	2	1	1
13	64	56	2	1	1
14	73	47	2	1	1
15	70	50	2	1	1
16	66	54	2	1	1
17	66	54	2	1	1
18	62	58	2	1	1
19	62	58	2	1	1
20	64	56	2	1	1
21	84	36	2	1	2
22	88	32	2	1	2
23	81	39	2	1	2
24	85	35	2	1	2
25	83	37	2	1	2
26	84	36	2	1	2
27	86	34	2	1	2
28	90	30	2	1	2
29	87	33	2	1	2
30	74	46	2	1	2
31	106	14	2	1	1
32	112	8	2	1	1
33	114	6	2	1	1
34	114	6	2	1	1
35	113	7	2	1	1
36	115	5	2	1	1
37	111	9	2	1	1
38	112	8	2	1	1
39	114	6	2	1	1
40	112	8	2	1	1
41	98	22	2	0	2
42	100	20	2	0	2
43	93	27	2	0	2
44	96	24	2	0	2
45	105	15	2	0	2
46	96	24	2	0	2
47	98	22	2	0	2
48	88	32	2	0	2
49	89	31	2	0	2
50	104	16	2	0	2
