mutation_id	ref_counts	var_counts	normal_cn	minor_cn	major_cn
1	16	14	2	1	1
2	11	19	2	1	1
3	14	16	2	1	1
4	14	16	2	1	1
5	11	19	2	1	1
6	18	12	2	1	1
7	19	11	2	1	1
8	19	11	2	1	1
9	15	15	2	1	1
10	13	17	2	1	1
11	23	7	2	1	1
12	16	14	2	1	1
13	8	22	2	1	1
14	15	15	2	1	1
15	17	13	2	1	1
16	18	12	2	1	1
17	18	12	2	1	1
18	18	12	2	1	1
19	19	11	2	1	1
20	16	14	2	1	1
21	19	11	2	1	2
22	21	9	2	1	2
23	24	6	2	1	2
24	20	10	2	1	2
25	22	8	2	1	2
26	23	7	2	1	2
27	22	8	2	1	2
28	21	9	2	1	2
29	20	10	2	1	2
30	20	10	2	1	2
31	30	0	2	1	1
32	28	2	2	1	1
33	28	2	2	1	1
34	27	3	2	1	1
35	27	3	2	1	1
36	29	1	2	1	1
37	29	1	2	1	1
38	28	2	2	1	1
39	28	2	2	1	1
40	27	3	2	1	1
41	23	7	2	0	2
42	26	4	2	0	2
43	26	4	2	0	2
44	27	3	2	0	2
45	25	5	2	0	2
46	23	7	2	0	2
47	26	4	2	0	2
48	22	8	2	0	2
49	26	4	2	0	2
50	21	9	2	0	2
