mutation_id	ref_counts	var_counts	normal_cn	minor_cn	major_cn
1	15	15	2	1	1
2	9	21	2	1	1
3	17	13	2	1	1
4	13	17	2	1	1
5	18	12	2	1	1
6	20	10	2	1	1
7	17	13	2	1	1
8	11	19	2	1	1
9	15	15	2	1	1
10	11	19	2	1	1
11	17	13	2	1	1
12	18	12	2	1	1
13	13	17	2	1	1
14	17	13	2	1	1
15	15	15	2	1	1
16	18	12	2	1	1
17	17	13	2	1	1
18	17	13	2	1	1
19	17	13	2	1	1
20	16	14	2	1	1
21	19	11	2	1	2
22	18	12	2	1	2
23	19	11	2	1	2
24	23	7	2	1	2
25	24	6	2	1	2
26	21	9	2	1	2
27	26	4	2	1	2
28	17	13	2	1	2
29	24	6	2	1	2
30	23	7	2	1	2
31	29	1	2	1	1
32	24	6	2	1	1
33	27	3	2	1	1
34	30	0	2	1	1
35	27	3	2	1	1
36	30	0	2	1	1
37	24	6	2	1	1
38	26	4	2	1	1
39	28	2	2	1	1
40	26	4	2	1	1
41	22	8	2	0	2
42	19	11	2	0	2
43	25	5	2	0	2
44	23	7	2	0	2
45	28	2	2	0	2
46	26	4	2	0	2
47	22	8	2	0	2
48	21	9	2	0	2
49	26	4	2	0	2
50	25	5	2	0	2
