mutation_id	ref_counts	var_counts	normal_cn	minor_cn	major_cn
1	23	37	2	1	1
2	32	28	2	1	1
3	31	29	2	1	1
4	29	31	2	1	1
5	32	28	2	1	1
6	29	31	2	1	1
7	33	27	2	1	1
8	24	36	2	1	1
9	36	24	2	1	1
10	26	34	2	1	1
11	28	32	2	1	1
12	33	27	2	1	1
13	32	28	2	1	1
14	37	23	2	1	1
15	28	32	2	1	1
16	24	36	2	1	1
17	30	30	2	1	1
18	33	27	2	1	1
19	30	30	2	1	1
20	27	33	2	1	1
21	32	28	2	1	1
22	32	28	2	1	1
23	30	30	2	1	1
24	34	26	2	1	1
25	32	28	2	1	1
26	36	24	2	1	1
27	29	31	2	1	1
28	34	26	2	1	1
29	34	26	2	1	1
30	32	28	2	1	1
31	26	34	2	1	1
32	28	32	2	1	1
33	34	26	2	1	1
34	35	25	2	1	1
35	34	26	2	1	1
36	37	23	2	1	1
37	32	28	2	1	1
38	30	30	2	1	1
39	29	31	2	1	1
40	28	32	2	1	1
41	47	13	2	1	2
42	46	14	2	1	2
43	45	15	2	1	2
44	42	18	2	1	2
45	39	21	2	1	2
46	43	17	2	1	2
47	43	17	2	1	2
48	40	20	2	1	2
49	44	16	2	1	2
50	40	20	2	1	2
51	40	20	2	1	2
52	39	21	2	1	2
53	43	17	2	1	2
54	45	15	2	1	2
55	43	17	2	1	2
56	37	23	2	1	2
57	38	22	2	1	2
58	37	23	2	1	2
59	46	14	2	1	2
60	44	16	2	1	2
61	58	2	2	1	1
62	54	6	2	1	1
63	56	4	2	1	1
64	57	3	2	1	1
65	57	3	2	1	1
66	58	2	2	1	1
67	55	5	2	1	1
68	54	6	2	1	1
69	56	4	2	1	1
70	55	5	2	1	1
71	58	2	2	1	1
72	52	8	2	1	1
73	56	4	2	1	1
74	55	5	2	1	1
75	56	4	2	1	1
76	59	1	2	1	1
77	55	5	2	1	1
78	56	4	2	1	1
79	50	10	2	1	1
80	52	8	2	1	1
81	50	10	2	0	2
82	48	12	2	0	2
83	48	12	2	0	2
84	43	17	2	0	2
85	47	13	2	0	2
86	44	16	2	0	2
87	50	10	2	0	2
88	48	12	2	0	2
89	44	16	2	0	2
90	48	12	2	0	2
91	51	9	2	0	2
92	47	13	2	0	2
93	44	16	2	0	2
94	43	17	2	0	2
95	54	6	2	0	2
96	46	14	2	0	2
97	49	11	2	0	2
98	46	14	2	0	2
99	49	11	2	0	2
100	49	11	2	0	2
