mutation_id	ref_counts	var_counts	normal_cn	minor_cn	major_cn
1	10	20	2	1	1
2	16	14	2	1	1
3	16	14	2	1	1
4	14	16	2	1	1
5	15	15	2	1	1
6	18	12	2	1	1
7	12	18	2	1	1
8	17	13	2	1	1
9	13	17	2	1	1
10	17	13	2	1	1
11	15	15	2	1	1
12	12	18	2	1	1
13	15	15	2	1	1
14	14	16	2	1	1
15	19	11	2	1	1
16	12	18	2	1	1
17	17	13	2	1	1
18	13	17	2	1	1
19	15	15	2	1	1
20	16	14	2	1	1
21	18	12	2	1	1
22	20	10	2	1	1
23	19	11	2	1	1
24	14	16	2	1	1
25	15	15	2	1	1
26	15	15	2	1	1
27	21	9	2	1	1
28	16	14	2	1	1
29	20	10	2	1	1
30	17	13	2	1	1
31	14	16	2	1	1
32	20	10	2	1	1
33	13	17	2	1	1
34	19	11	2	1	1
35	16	14	2	1	1
36	16	14	2	1	1
37	17	13	2	1	1
38	16	14	2	1	1
39	16	14	2	1	1
40	16	14	2	1	1
41	22	8	2	1	2
42	17	13	2	1	2
43	27	3	2	1	2
44	21	9	2	1	2
45	26	4	2	1	2
46	20	10	2	1	2
47	21	9	2	1	2
48	20	10	2	1	2
49	22	8	2	1	2
50	24	6	2	1	2
51	25	5	2	1	2
52	20	10	2	1	2
53	20	10	2	1	2
54	19	11	2	1	2
55	22	8	2	1	2
56	20	10	2	1	2
57	21	9	2	1	2
58	21	9	2	1	2
59	24	6	2	1	2
60	19	11	2	1	2
61	29	1	2	1	1
62	28	2	2	1	1
63	30	0	2	1	1
64	29	1	2	1	1
65	26	4	2	1	1
66	28	2	2	1	1
67	27	3	2	1	1
68	29	1	2	1	1
69	27	3	2	1	1
70	29	1	2	1	1
71	26	4	2	1	1
72	25	5	2	1	1
73	28	2	2	1	1
74	29	1	2	1	1
75	28	2	2	1	1
76	26	4	2	1	1
77	27	3	2	1	1
78	26	4	2	1	1
79	25	5	2	1	1
80	27	3	2	1	1
81	25	5	2	0	2
82	24	6	2	0	2
83	26	4	2	0	2
84	26	4	2	0	2
85	25	5	2	0	2
86	24	6	2	0	2
87	25	5	2	0	2
88	26	4	2	0	2
89	25	5	2	0	2
90	21	9	2	0	2
91	26	4	2	0	2
92	24	6	2	0	2
93	27	3	2	0	2
94	25	5	2	0	2
95	25	5	2	0	2
96	24	6	2	0	2
97	25	5	2	0	2
98	19	11	2	0	2
99	23	7	2	0	2
100	21	9	2	0	2
