mutation_id	ref_counts	var_counts	normal_cn	minor_cn	major_cn
1	35	25	2	1	1
2	27	33	2	1	1
3	26	34	2	1	1
4	27	33	2	1	1
5	30	30	2	1	1
6	33	27	2	1	1
7	29	31	2	1	1
8	28	32	2	1	1
9	27	33	2	1	1
10	27	33	2	1	1
11	31	29	2	1	1
12	40	20	2	1	1
13	25	35	2	1	1
14	28	32	2	1	1
15	31	29	2	1	1
16	25	35	2	1	1
17	33	27	2	1	1
18	39	21	2	1	1
19	33	27	2	1	1
20	31	29	2	1	1
21	33	27	2	1	1
22	38	22	2	1	1
23	26	34	2	1	1
24	33	27	2	1	1
25	34	26	2	1	1
26	36	24	2	1	1
27	38	22	2	1	1
28	29	31	2	1	1
29	41	19	2	1	1
30	33	27	2	1	1
31	28	32	2	1	1
32	30	30	2	1	1
33	32	28	2	1	1
34	37	23	2	1	1
35	35	25	2	1	1
36	33	27	2	1	1
37	34	26	2	1	1
38	36	24	2	1	1
39	33	27	2	1	1
40	36	24	2	1	1
41	41	19	2	1	2
42	34	26	2	1	2
43	38	22	2	1	2
44	38	22	2	1	2
45	49	11	2	1	2
46	42	18	2	1	2
47	42	18	2	1	2
48	33	27	2	1	2
49	43	17	2	1	2
50	41	19	2	1	2
51	38	22	2	1	2
52	41	19	2	1	2
53	43	17	2	1	2
54	46	14	2	1	2
55	43	17	2	1	2
56	38	22	2	1	2
57	43	17	2	1	2
58	40	20	2	1	2
59	38	22	2	1	2
60	42	18	2	1	2
61	55	5	2	1	1
62	54	6	2	1	1
63	54	6	2	1	1
64	57	3	2	1	1
65	55	5	2	1	1
66	55	5	2	1	1
67	53	7	2	1	1
68	56	4	2	1	1
69	55	5	2	1	1
70	55	5	2	1	1
71	53	7	2	1	1
72	54	6	2	1	1
73	56	4	2	1	1
74	56	4	2	1	1
75	55	5	2	1	1
76	52	8	2	1	1
77	56	4	2	1	1
78	58	2	2	1	1
79	57	3	2	1	1
80	52	8	2	1	1
81	49	11	2	0	2
82	49	11	2	0	2
83	44	16	2	0	2
84	46	14	2	0	2
85	45	15	2	0	2
86	48	12	2	0	2
87	51	9	2	0	2
88	46	14	2	0	2
89	52	8	2	0	2
90	47	13	2	0	2
91	48	12	2	0	2
92	51	9	2	0	2
93	49	11	2	0	2
94	46	14	2	0	2
95	52	8	2	0	2
96	48	12	2	0	2
97	47	13	2	0	2
98	49	11	2	0	2
99	49	11	2	0	2
100	42	18	2	0	2
