mutation_id	ref_counts	var_counts	normal_cn	minor_cn	major_cn
1	17	13	2	1	1
2	14	16	2	1	1
3	16	14	2	1	1
4	15	15	2	1	1
5	19	11	2	1	1
6	12	18	2	1	1
7	17	13	2	1	1
8	16	14	2	1	1
9	14	16	2	1	1
10	16	14	2	1	1
11	16	14	2	1	1
12	18	12	2	1	1
13	18	12	2	1	1
14	18	12	2	1	1
15	18	12	2	1	1
16	15	15	2	1	1
17	13	17	2	1	1
18	17	13	2	1	1
19	16	14	2	1	1
20	14	16	2	1	1
21	21	9	2	1	2
22	18	12	2	1	2
23	21	9	2	1	2
24	27	3	2	1	2
25	19	11	2	1	2
26	19	11	2	1	2
27	23	7	2	1	2
28	20	10	2	1	2
29	22	8	2	1	2
30	22	8	2	1	2
31	27	3	2	1	1
32	27	3	2	1	1
33	27	3	2	1	1
34	26	4	2	1	1
35	27	3	2	1	1
36	28	2	2	1	1
37	28	2	2	1	1
38	28	2	2	1	1
39	27	3	2	1	1
40	28	2	2	1	1
41	23	7	2	0	2
42	25	5	2	0	2
43	21	9	2	0	2
44	25	5	2	0	2
45	25	5	2	0	2
46	24	6	2	0	2
47	20	10	2	0	2
48	26	4	2	0	2
49	23	7	2	0	2
50	20	10	2	0	2
