mutation_id	ref_counts	var_counts	normal_cn	minor_cn	major_cn
1	18	12	2	1	1
2	12	18	2	1	1
3	17	13	2	1	1
4	15	15	2	1	1
5	13	17	2	1	1
6	18	12	2	1	1
7	16	14	2	1	1
8	14	16	2	1	1
9	12	18	2	1	1
10	15	15	2	1	1
11	11	19	2	1	1
12	14	16	2	1	1
13	19	11	2	1	1
14	14	16	2	1	1
15	16	14	2	1	1
16	14	16	2	1	1
17	15	15	2	1	1
18	17	13	2	1	1
19	14	16	2	1	1
20	14	16	2	1	1
21	15	15	2	1	1
22	20	10	2	1	1
23	13	17	2	1	1
24	16	14	2	1	1
25	18	12	2	1	1
26	18	12	2	1	1
27	19	11	2	1	1
28	20	10	2	1	1
29	19	11	2	1	1
30	24	6	2	1	1
31	18	12	2	1	1
32	15	15	2	1	1
33	17	13	2	1	1
34	18	12	2	1	1
35	16	14	2	1	1
36	17	13	2	1	1
37	17	13	2	1	1
38	16	14	2	1	1
39	19	11	2	1	1
40	22	8	2	1	1
41	23	7	2	1	2
42	23	7	2	1	2
43	17	13	2	1	2
44	26	4	2	1	2
45	18	12	2	1	2
46	26	4	2	1	2
47	18	12	2	1	2
48	20	10	2	1	2
49	21	9	2	1	2
50	20	10	2	1	2
51	22	8	2	1	2
52	22	8	2	1	2
53	20	10	2	1	2
54	19	11	2	1	2
55	19	11	2	1	2
56	21	9	2	1	2
57	21	9	2	1	2
58	23	7	2	1	2
59	22	8	2	1	2
60	24	6	2	1	2
61	26	4	2	1	1
62	25	5	2	1	1
63	26	4	2	1	1
64	27	3	2	1	1
65	29	1	2	1	1
66	27	3	2	1	1
67	28	2	2	1	1
68	29	1	2	1	1
69	25	5	2	1	1
70	27	3	2	1	1
71	27	3	2	1	1
72	28	2	2	1	1
73	28	2	2	1	1
74	27	3	2	1	1
75	29	1	2	1	1
76	29	1	2	1	1
77	25	5	2	1	1
78	27	3	2	1	1
79	28	2	2	1	1
80	28	2	2	1	1
81	24	6	2	0	2
82	27	3	2	0	2
83	22	8	2	0	2
84	27	3	2	0	2
85	25	5	2	0	2
86	25	5	2	0	2
87	23	7	2	0	2
88	24	6	2	0	2
89	29	1	2	0	2
90	25	5	2	0	2
91	26	4	2	0	2
92	24	6	2	0	2
93	27	3	2	0	2
94	22	8	2	0	2
95	24	6	2	0	2
96	21	9	2	0	2
97	25	5	2	0	2
98	27	3	2	0	2
99	26	4	2	0	2
100	21	9	2	0	2
