mutation_id	ref_counts	var_counts	normal_cn	minor_cn	major_cn
1	18	12	2	1	1
2	17	13	2	1	1
3	16	14	2	1	1
4	13	17	2	1	1
5	15	15	2	1	1
6	18	12	2	1	1
7	16	14	2	1	1
8	13	17	2	1	1
9	12	18	2	1	1
10	9	21	2	1	1
11	13	17	2	1	1
12	11	19	2	1	1
13	16	14	2	1	1
14	19	11	2	1	1
15	18	12	2	1	1
16	18	12	2	1	1
17	14	16	2	1	1
18	19	11	2	1	1
19	14	16	2	1	1
20	15	15	2	1	1
21	20	10	2	1	1
22	17	13	2	1	1
23	14	16	2	1	1
24	19	11	2	1	1
25	25	5	2	1	1
26	13	17	2	1	1
27	15	15	2	1	1
28	14	16	2	1	1
29	17	13	2	1	1
30	20	10	2	1	1
31	17	13	2	1	1
32	17	13	2	1	1
33	16	14	2	1	1
34	16	14	2	1	1
35	13	17	2	1	1
36	17	13	2	1	1
37	17	13	2	1	1
38	18	12	2	1	1
39	23	7	2	1	1
40	18	12	2	1	1
41	22	8	2	1	2
42	21	9	2	1	2
43	20	10	2	1	2
44	18	12	2	1	2
45	24	6	2	1	2
46	23	7	2	1	2
47	21	9	2	1	2
48	25	5	2	1	2
49	17	13	2	1	2
50	24	6	2	1	2
51	24	6	2	1	2
52	17	13	2	1	2
53	17	13	2	1	2
54	22	8	2	1	2
55	20	10	2	1	2
56	18	12	2	1	2
57	22	8	2	1	2
58	18	12	2	1	2
59	20	10	2	1	2
60	19	11	2	1	2
61	28	2	2	1	1
62	27	3	2	1	1
63	29	1	2	1	1
64	27	3	2	1	1
65	30	0	2	1	1
66	25	5	2	1	1
67	28	2	2	1	1
68	29	1	2	1	1
69	26	4	2	1	1
70	27	3	2	1	1
71	29	1	2	1	1
72	28	2	2	1	1
73	28	2	2	1	1
74	28	2	2	1	1
75	30	0	2	1	1
76	28	2	2	1	1
77	28	2	2	1	1
78	26	4	2	1	1
79	29	1	2	1	1
80	26	4	2	1	1
81	20	10	2	0	2
82	23	7	2	0	2
83	25	5	2	0	2
84	27	3	2	0	2
85	25	5	2	0	2
86	25	5	2	0	2
87	24	6	2	0	2
88	23	7	2	0	2
89	23	7	2	0	2
90	23	7	2	0	2
91	27	3	2	0	2
92	22	8	2	0	2
93	27	3	2	0	2
94	29	1	2	0	2
95	23	7	2	0	2
96	25	5	2	0	2
97	26	4	2	0	2
98	24	6	2	0	2
99	26	4	2	0	2
100	27	3	2	0	2
