mutation_id	ref_counts	var_counts	normal_cn	minor_cn	major_cn
1	28	32	2	1	1
2	30	30	2	1	1
3	20	40	2	1	1
4	23	37	2	1	1
5	26	34	2	1	1
6	27	33	2	1	1
7	39	21	2	1	1
8	28	32	2	1	1
9	29	31	2	1	1
10	32	28	2	1	1
11	32	28	2	1	1
12	27	33	2	1	1
13	35	25	2	1	1
14	40	20	2	1	1
15	23	37	2	1	1
16	29	31	2	1	1
17	31	29	2	1	1
18	32	28	2	1	1
19	28	32	2	1	1
20	25	35	2	1	1
21	31	29	2	1	1
22	28	32	2	1	1
23	37	23	2	1	1
24	37	23	2	1	1
25	26	34	2	1	1
26	31	29	2	1	1
27	25	35	2	1	1
28	30	30	2	1	1
29	34	26	2	1	1
30	36	24	2	1	1
31	31	29	2	1	1
32	36	24	2	1	1
33	36	24	2	1	1
34	30	30	2	1	1
35	31	29	2	1	1
36	29	31	2	1	1
37	36	24	2	1	1
38	33	27	2	1	1
39	41	19	2	1	1
40	34	26	2	1	1
41	41	19	2	1	2
42	47	13	2	1	2
43	47	13	2	1	2
44	44	16	2	1	2
45	47	13	2	1	2
46	42	18	2	1	2
47	46	14	2	1	2
48	43	17	2	1	2
49	38	22	2	1	2
50	48	12	2	1	2
51	44	16	2	1	2
52	45	15	2	1	2
53	39	21	2	1	2
54	38	22	2	1	2
55	37	23	2	1	2
56	44	16	2	1	2
57	41	19	2	1	2
58	43	17	2	1	2
59	41	19	2	1	2
60	37	23	2	1	2
61	52	8	2	1	1
62	57	3	2	1	1
63	56	4	2	1	1
64	55	5	2	1	1
65	54	6	2	1	1
66	55	5	2	1	1
67	54	6	2	1	1
68	57	3	2	1	1
69	56	4	2	1	1
70	54	6	2	1	1
71	56	4	2	1	1
72	53	7	2	1	1
73	52	8	2	1	1
74	53	7	2	1	1
75	57	3	2	1	1
76	57	3	2	1	1
77	57	3	2	1	1
78	56	4	2	1	1
79	59	1	2	1	1
80	54	6	2	1	1
81	46	14	2	0	2
82	49	11	2	0	2
83	48	12	2	0	2
84	45	15	2	0	2
85	51	9	2	0	2
86	46	14	2	0	2
87	50	10	2	0	2
88	51	9	2	0	2
89	48	12	2	0	2
90	52	8	2	0	2
91	46	14	2	0	2
92	45	15	2	0	2
93	51	9	2	0	2
94	42	18	2	0	2
95	45	15	2	0	2
96	44	16	2	0	2
97	47	13	2	0	2
98	48	12	2	0	2
99	47	13	2	0	2
100	48	12	2	0	2
