mutation_id	ref_counts	var_counts	normal_cn	minor_cn	major_cn
1	33	27	2	1	1
2	26	34	2	1	1
3	33	27	2	1	1
4	37	23	2	1	1
5	26	34	2	1	1
6	29	31	2	1	1
7	28	32	2	1	1
8	30	30	2	1	1
9	28	32	2	1	1
10	30	30	2	1	1
11	32	28	2	1	1
12	30	30	2	1	1
13	36	24	2	1	1
14	34	26	2	1	1
15	40	20	2	1	1
16	33	27	2	1	1
17	34	26	2	1	1
18	34	26	2	1	1
19	31	29	2	1	1
20	31	29	2	1	1
21	41	19	2	1	2
22	46	14	2	1	2
23	42	18	2	1	2
24	43	17	2	1	2
25	43	17	2	1	2
26	44	16	2	1	2
27	42	18	2	1	2
28	45	15	2	1	2
29	48	12	2	1	2
30	43	17	2	1	2
31	56	4	2	1	1
32	53	7	2	1	1
33	58	2	2	1	1
34	55	5	2	1	1
35	52	8	2	1	1
36	51	9	2	1	1
37	55	5	2	1	1
38	55	5	2	1	1
39	57	3	2	1	1
40	58	2	2	1	1
41	49	11	2	0	2
42	47	13	2	0	2
43	54	6	2	0	2
44	50	10	2	0	2
45	50	10	2	0	2
46	47	13	2	0	2
47	44	16	2	0	2
48	49	11	2	0	2
49	55	5	2	0	2
50	48	12	2	0	2
