mutation_id	ref_counts	var_counts	normal_cn	minor_cn	major_cn
1	31	29	2	1	1
2	27	33	2	1	1
3	28	32	2	1	1
4	28	32	2	1	1
5	35	25	2	1	1
6	34	26	2	1	1
7	31	29	2	1	1
8	33	27	2	1	1
9	30	30	2	1	1
10	30	30	2	1	1
11	30	30	2	1	1
12	32	28	2	1	1
13	27	33	2	1	1
14	28	32	2	1	1
15	34	26	2	1	1
16	29	31	2	1	1
17	22	38	2	1	1
18	27	33	2	1	1
19	31	29	2	1	1
20	37	23	2	1	1
21	34	26	2	1	1
22	37	23	2	1	1
23	42	18	2	1	1
24	34	26	2	1	1
25	37	23	2	1	1
26	35	25	2	1	1
27	30	30	2	1	1
28	34	26	2	1	1
29	30	30	2	1	1
30	36	24	2	1	1
31	34	26	2	1	1
32	39	21	2	1	1
33	33	27	2	1	1
34	28	32	2	1	1
35	35	25	2	1	1
36	33	27	2	1	1
37	33	27	2	1	1
38	26	34	2	1	1
39	37	23	2	1	1
40	31	29	2	1	1
41	46	14	2	1	2
42	42	18	2	1	2
43	44	16	2	1	2
44	40	20	2	1	2
45	39	21	2	1	2
46	43	17	2	1	2
47	43	17	2	1	2
48	46	14	2	1	2
49	39	21	2	1	2
50	41	19	2	1	2
51	46	14	2	1	2
52	40	20	2	1	2
53	39	21	2	1	2
54	38	22	2	1	2
55	42	18	2	1	2
56	41	19	2	1	2
57	40	20	2	1	2
58	48	12	2	1	2
59	47	13	2	1	2
60	43	17	2	1	2
61	55	5	2	1	1
62	55	5	2	1	1
63	52	8	2	1	1
64	57	3	2	1	1
65	59	1	2	1	1
66	57	3	2	1	1
67	55	5	2	1	1
68	52	8	2	1	1
69	54	6	2	1	1
70	54	6	2	1	1
71	55	5	2	1	1
72	54	6	2	1	1
73	57	3	2	1	1
74	54	6	2	1	1
75	51	9	2	1	1
76	55	5	2	1	1
77	60	0	2	1	1
78	56	4	2	1	1
79	57	3	2	1	1
80	57	3	2	1	1
81	55	5	2	0	2
82	43	17	2	0	2
83	50	10	2	0	2
84	48	12	2	0	2
85	49	11	2	0	2
86	48	12	2	0	2
87	50	10	2	0	2
88	45	15	2	0	2
89	46	14	2	0	2
90	47	13	2	0	2
91	45	15	2	0	2
92	45	15	2	0	2
93	47	13	2	0	2
94	50	10	2	0	2
95	47	13	2	0	2
96	49	11	2	0	2
97	46	14	2	0	2
98	47	13	2	0	2
99	49	11	2	0	2
100	46	14	2	0	2
