mutation_id	ref_counts	var_counts	normal_cn	minor_cn	major_cn
1	27	33	2	1	1
2	29	31	2	1	1
3	33	27	2	1	1
4	25	35	2	1	1
5	34	26	2	1	1
6	21	39	2	1	1
7	28	32	2	1	1
8	35	25	2	1	1
9	24	36	2	1	1
10	27	33	2	1	1
11	33	27	2	1	1
12	34	26	2	1	1
13	34	26	2	1	1
14	34	26	2	1	1
15	35	25	2	1	1
16	32	28	2	1	1
17	36	24	2	1	1
18	33	27	2	1	1
19	30	30	2	1	1
20	40	20	2	1	1
21	43	17	2	1	2
22	41	19	2	1	2
23	42	18	2	1	2
24	40	20	2	1	2
25	37	23	2	1	2
26	38	22	2	1	2
27	42	18	2	1	2
28	42	18	2	1	2
29	37	23	2	1	2
30	45	15	2	1	2
31	56	4	2	1	1
32	55	5	2	1	1
33	53	7	2	1	1
34	57	3	2	1	1
35	55	5	2	1	1
36	57	3	2	1	1
37	58	2	2	1	1
38	51	9	2	1	1
39	56	4	2	1	1
40	56	4	2	1	1
41	49	11	2	0	2
42	53	7	2	0	2
43	47	13	2	0	2
44	45	15	2	0	2
45	46	14	2	0	2
46	54	6	2	0	2
47	50	10	2	0	2
48	46	14	2	0	2
49	49	11	2	0	2
50	51	9	2	0	2
