mutation_id	ref_counts	var_counts	normal_cn	minor_cn	major_cn
1	33	27	2	1	1
2	26	34	2	1	1
3	31	29	2	1	1
4	30	30	2	1	1
5	27	33	2	1	1
6	34	26	2	1	1
7	23	37	2	1	1
8	36	24	2	1	1
9	31	29	2	1	1
10	31	29	2	1	1
11	38	22	2	1	1
12	35	25	2	1	1
13	35	25	2	1	1
14	35	25	2	1	1
15	32	28	2	1	1
16	29	31	2	1	1
17	22	38	2	1	1
18	33	27	2	1	1
19	42	18	2	1	1
20	27	33	2	1	1
21	43	17	2	1	2
22	35	25	2	1	2
23	46	14	2	1	2
24	44	16	2	1	2
25	44	16	2	1	2
26	40	20	2	1	2
27	43	17	2	1	2
28	43	17	2	1	2
29	49	11	2	1	2
30	40	20	2	1	2
31	55	5	2	1	1
32	57	3	2	1	1
33	56	4	2	1	1
34	54	6	2	1	1
35	53	7	2	1	1
36	55	5	2	1	1
37	59	1	2	1	1
38	53	7	2	1	1
39	54	6	2	1	1
40	58	2	2	1	1
41	50	10	2	0	2
42	51	9	2	0	2
43	50	10	2	0	2
44	46	14	2	0	2
45	44	16	2	0	2
46	50	10	2	0	2
47	49	11	2	0	2
48	44	16	2	0	2
49	49	11	2	0	2
50	42	18	2	0	2
