mutation_id	ref_counts	var_counts	normal_cn	minor_cn	major_cn
1	66	54	2	1	1
2	65	55	2	1	1
3	63	57	2	1	1
4	68	52	2	1	1
5	51	69	2	1	1
6	61	59	2	1	1
7	59	61	2	1	1
8	56	64	2	1	1
9	59	61	2	1	1
10	55	65	2	1	1
11	60	60	2	1	1
12	56	64	2	1	1
13	59	61	2	1	1
14	57	63	2	1	1
15	61	59	2	1	1
16	66	54	2	1	1
17	61	59	2	1	1
18	54	66	2	1	1
19	59	61	2	1	1
20	66	54	2	1	1
21	74	46	2	1	1
22	61	59	2	1	1
23	69	51	2	1	1
24	67	53	2	1	1
25	66	54	2	1	1
26	68	52	2	1	1
27	63	57	2	1	1
28	68	52	2	1	1
29	69	51	2	1	1
30	66	54	2	1	1
31	64	56	2	1	1
32	68	52	2	1	1
33	75	45	2	1	1
34	66	54	2	1	1
35	59	61	2	1	1
36	72	48	2	1	1
37	68	52	2	1	1
38	57	63	2	1	1
39	59	61	2	1	1
40	69	51	2	1	1
41	76	44	2	1	2
42	89	31	2	1	2
43	76	44	2	1	2
44	91	29	2	1	2
45	81	39	2	1	2
46	98	22	2	1	2
47	78	42	2	1	2
48	77	43	2	1	2
49	88	32	2	1	2
50	81	39	2	1	2
51	78	42	2	1	2
52	91	29	2	1	2
53	79	41	2	1	2
54	88	32	2	1	2
55	85	35	2	1	2
56	83	37	2	1	2
57	85	35	2	1	2
58	88	32	2	1	2
59	79	41	2	1	2
60	83	37	2	1	2
61	111	9	2	1	1
62	109	11	2	1	1
63	111	9	2	1	1
64	106	14	2	1	1
65	114	6	2	1	1
66	108	12	2	1	1
67	112	8	2	1	1
68	110	10	2	1	1
69	111	9	2	1	1
70	110	10	2	1	1
71	116	4	2	1	1
72	109	11	2	1	1
73	109	11	2	1	1
74	112	8	2	1	1
75	110	10	2	1	1
76	107	13	2	1	1
77	111	9	2	1	1
78	108	12	2	1	1
79	109	11	2	1	1
80	113	7	2	1	1
81	97	23	2	0	2
82	98	22	2	0	2
83	93	27	2	0	2
84	94	26	2	0	2
85	95	25	2	0	2
86	97	23	2	0	2
87	93	27	2	0	2
88	94	26	2	0	2
89	89	31	2	0	2
90	101	19	2	0	2
91	100	20	2	0	2
92	89	31	2	0	2
93	97	23	2	0	2
94	94	26	2	0	2
95	98	22	2	0	2
96	103	17	2	0	2
97	96	24	2	0	2
98	93	27	2	0	2
99	99	21	2	0	2
100	89	31	2	0	2
