mutation_id	ref_counts	var_counts	normal_cn	minor_cn	major_cn
1	11	19	2	1	1
2	12	18	2	1	1
3	20	10	2	1	1
4	17	13	2	1	1
5	18	12	2	1	1
6	14	16	2	1	1
7	9	21	2	1	1
8	12	18	2	1	1
9	12	18	2	1	1
10	12	18	2	1	1
11	11	19	2	1	1
12	15	15	2	1	1
13	12	18	2	1	1
14	18	12	2	1	1
15	9	21	2	1	1
16	16	14	2	1	1
17	15	15	2	1	1
18	21	9	2	1	1
19	12	18	2	1	1
20	12	18	2	1	1
21	13	17	2	1	1
22	13	17	2	1	1
23	16	14	2	1	1
24	14	16	2	1	1
25	18	12	2	1	1
26	19	11	2	1	1
27	17	13	2	1	1
28	17	13	2	1	1
29	19	11	2	1	1
30	20	10	2	1	1
31	19	11	2	1	1
32	18	12	2	1	1
33	16	14	2	1	1
34	12	18	2	1	1
35	16	14	2	1	1
36	15	15	2	1	1
37	22	8	2	1	1
38	17	13	2	1	1
39	17	13	2	1	1
40	16	14	2	1	1
41	25	5	2	1	2
42	26	4	2	1	2
43	19	11	2	1	2
44	20	10	2	1	2
45	15	15	2	1	2
46	22	8	2	1	2
47	24	6	2	1	2
48	22	8	2	1	2
49	23	7	2	1	2
50	23	7	2	1	2
51	23	7	2	1	2
52	20	10	2	1	2
53	22	8	2	1	2
54	22	8	2	1	2
55	20	10	2	1	2
56	26	4	2	1	2
57	20	10	2	1	2
58	21	9	2	1	2
59	24	6	2	1	2
60	14	16	2	1	2
61	27	3	2	1	1
62	26	4	2	1	1
63	27	3	2	1	1
64	27	3	2	1	1
65	26	4	2	1	1
66	26	4	2	1	1
67	28	2	2	1	1
68	29	1	2	1	1
69	29	1	2	1	1
70	28	2	2	1	1
71	27	3	2	1	1
72	28	2	2	1	1
73	27	3	2	1	1
74	27	3	2	1	1
75	29	1	2	1	1
76	27	3	2	1	1
77	27	3	2	1	1
78	27	3	2	1	1
79	28	2	2	1	1
80	29	1	2	1	1
81	25	5	2	0	2
82	22	8	2	0	2
83	22	8	2	0	2
84	25	5	2	0	2
85	28	2	2	0	2
86	25	5	2	0	2
87	24	6	2	0	2
88	23	7	2	0	2
89	24	6	2	0	2
90	26	4	2	0	2
91	24	6	2	0	2
92	25	5	2	0	2
93	21	9	2	0	2
94	22	8	2	0	2
95	24	6	2	0	2
96	22	8	2	0	2
97	27	3	2	0	2
98	23	7	2	0	2
99	23	7	2	0	2
100	27	3	2	0	2
