mutation_id	ref_counts	var_counts	normal_cn	minor_cn	major_cn
1	66	54	2	1	1
2	63	57	2	1	1
3	61	59	2	1	1
4	64	56	2	1	1
5	65	55	2	1	1
6	66	54	2	1	1
7	53	67	2	1	1
8	65	55	2	1	1
9	62	58	2	1	1
10	61	59	2	1	1
11	63	57	2	1	1
12	51	69	2	1	1
13	60	60	2	1	1
14	62	58	2	1	1
15	68	52	2	1	1
16	62	58	2	1	1
17	69	51	2	1	1
18	61	59	2	1	1
19	52	68	2	1	1
20	60	60	2	1	1
21	68	52	2	1	1
22	65	55	2	1	1
23	61	59	2	1	1
24	65	55	2	1	1
25	72	48	2	1	1
26	61	59	2	1	1
27	59	61	2	1	1
28	65	55	2	1	1
29	69	51	2	1	1
30	63	57	2	1	1
31	65	55	2	1	1
32	76	44	2	1	1
33	67	53	2	1	1
34	59	61	2	1	1
35	56	64	2	1	1
36	63	57	2	1	1
37	67	53	2	1	1
38	63	57	2	1	1
39	71	49	2	1	1
40	65	55	2	1	1
41	82	38	2	1	2
42	92	28	2	1	2
43	86	34	2	1	2
44	82	38	2	1	2
45	81	39	2	1	2
46	90	30	2	1	2
47	91	29	2	1	2
48	84	36	2	1	2
49	82	38	2	1	2
50	85	35	2	1	2
51	83	37	2	1	2
52	87	33	2	1	2
53	74	46	2	1	2
54	81	39	2	1	2
55	74	46	2	1	2
56	87	33	2	1	2
57	85	35	2	1	2
58	88	32	2	1	2
59	84	36	2	1	2
60	79	41	2	1	2
61	107	13	2	1	1
62	112	8	2	1	1
63	112	8	2	1	1
64	113	7	2	1	1
65	113	7	2	1	1
66	110	10	2	1	1
67	109	11	2	1	1
68	113	7	2	1	1
69	108	12	2	1	1
70	110	10	2	1	1
71	111	9	2	1	1
72	112	8	2	1	1
73	113	7	2	1	1
74	111	9	2	1	1
75	109	11	2	1	1
76	106	14	2	1	1
77	105	15	2	1	1
78	119	1	2	1	1
79	107	13	2	1	1
80	113	7	2	1	1
81	91	29	2	0	2
82	88	32	2	0	2
83	95	25	2	0	2
84	95	25	2	0	2
85	95	25	2	0	2
86	94	26	2	0	2
87	102	18	2	0	2
88	93	27	2	0	2
89	104	16	2	0	2
90	94	26	2	0	2
91	94	26	2	0	2
92	91	29	2	0	2
93	88	32	2	0	2
94	99	21	2	0	2
95	97	23	2	0	2
96	91	29	2	0	2
97	97	23	2	0	2
98	88	32	2	0	2
99	103	17	2	0	2
100	92	28	2	0	2
