mutation_id	ref_counts	var_counts	normal_cn	minor_cn	major_cn
1	57	63	2	1	1
2	63	57	2	1	1
3	61	59	2	1	1
4	57	63	2	1	1
5	68	52	2	1	1
6	61	59	2	1	1
7	55	65	2	1	1
8	68	52	2	1	1
9	57	63	2	1	1
10	54	66	2	1	1
11	55	65	2	1	1
12	65	55	2	1	1
13	59	61	2	1	1
14	54	66	2	1	1
15	49	71	2	1	1
16	67	53	2	1	1
17	53	67	2	1	1
18	60	60	2	1	1
19	62	58	2	1	1
20	59	61	2	1	1
21	65	55	2	1	1
22	69	51	2	1	1
23	66	54	2	1	1
24	60	60	2	1	1
25	73	47	2	1	1
26	75	45	2	1	1
27	61	59	2	1	1
28	70	50	2	1	1
29	59	61	2	1	1
30	70	50	2	1	1
31	71	49	2	1	1
32	71	49	2	1	1
33	66	54	2	1	1
34	72	48	2	1	1
35	66	54	2	1	1
36	69	51	2	1	1
37	67	53	2	1	1
38	63	57	2	1	1
39	74	46	2	1	1
40	65	55	2	1	1
41	82	38	2	1	2
42	78	42	2	1	2
43	82	38	2	1	2
44	89	31	2	1	2
45	84	36	2	1	2
46	84	36	2	1	2
47	78	42	2	1	2
48	83	37	2	1	2
49	84	36	2	1	2
50	83	37	2	1	2
51	77	43	2	1	2
52	79	41	2	1	2
53	82	38	2	1	2
54	85	35	2	1	2
55	82	38	2	1	2
56	88	32	2	1	2
57	80	40	2	1	2
58	78	42	2	1	2
59	81	39	2	1	2
60	81	39	2	1	2
61	114	6	2	1	1
62	104	16	2	1	1
63	106	14	2	1	1
64	111	9	2	1	1
65	104	16	2	1	1
66	107	13	2	1	1
67	108	12	2	1	1
68	110	10	2	1	1
69	119	1	2	1	1
70	111	9	2	1	1
71	111	9	2	1	1
72	114	6	2	1	1
73	113	7	2	1	1
74	114	6	2	1	1
75	111	9	2	1	1
76	111	9	2	1	1
77	112	8	2	1	1
78	111	9	2	1	1
79	109	11	2	1	1
80	108	12	2	1	1
81	99	21	2	0	2
82	97	23	2	0	2
83	88	32	2	0	2
84	94	26	2	0	2
85	95	25	2	0	2
86	99	21	2	0	2
87	97	23	2	0	2
88	95	25	2	0	2
89	95	25	2	0	2
90	92	28	2	0	2
91	95	25	2	0	2
92	93	27	2	0	2
93	98	22	2	0	2
94	110	10	2	0	2
95	98	22	2	0	2
96	94	26	2	0	2
97	101	19	2	0	2
98	102	18	2	0	2
99	94	26	2	0	2
100	90	30	2	0	2
