mutation_id	ref_counts	var_counts	normal_cn	minor_cn	major_cn
1	500	500	2	1	1
2	503	497	2	1	1
3	488	512	2	1	1
4	507	493	2	1	1
5	520	480	2	1	1
6	538	462	2	1	1
7	503	497	2	1	1
8	473	527	2	1	1
9	470	530	2	1	1
10	499	501	2	1	1
11	556	444	2	1	1
12	581	419	2	1	1
13	528	472	2	1	1
14	575	425	2	1	1
15	575	425	2	1	1
16	556	444	2	1	1
17	535	465	2	1	1
18	552	448	2	1	1
19	547	453	2	1	1
20	555	445	2	1	1
21	695	305	2	1	2
22	672	328	2	1	2
23	686	314	2	1	2
24	692	308	2	1	2
25	680	320	2	1	2
26	687	313	2	1	2
27	703	297	2	1	2
28	699	301	2	1	2
29	701	299	2	1	2
30	691	309	2	1	2
31	920	80	2	1	1
32	924	76	2	1	1
33	928	72	2	1	1
34	931	69	2	1	1
35	929	71	2	1	1
36	929	71	2	1	1
37	925	75	2	1	1
38	915	85	2	1	1
39	924	76	2	1	1
40	916	84	2	1	1
41	788	212	2	0	2
42	797	203	2	0	2
43	810	190	2	0	2
44	807	193	2	0	2
45	810	190	2	0	2
46	826	174	2	0	2
47	804	196	2	0	2
48	780	220	2	0	2
49	797	203	2	0	2
50	805	195	2	0	2
