mutation_id	ref_counts	var_counts	normal_cn	minor_cn	major_cn
1	13	17	2	1	1
2	16	14	2	1	1
3	15	15	2	1	1
4	12	18	2	1	1
5	11	19	2	1	1
6	16	14	2	1	1
7	12	18	2	1	1
8	14	16	2	1	1
9	16	14	2	1	1
10	19	11	2	1	1
11	16	14	2	1	1
12	13	17	2	1	1
13	12	18	2	1	1
14	14	16	2	1	1
15	18	12	2	1	1
16	16	14	2	1	1
17	15	15	2	1	1
18	16	14	2	1	1
19	12	18	2	1	1
20	12	18	2	1	1
21	21	9	2	1	2
22	19	11	2	1	2
23	20	10	2	1	2
24	17	13	2	1	2
25	22	8	2	1	2
26	22	8	2	1	2
27	13	17	2	1	2
28	24	6	2	1	2
29	18	12	2	1	2
30	21	9	2	1	2
31	27	3	2	1	1
32	29	1	2	1	1
33	27	3	2	1	1
34	30	0	2	1	1
35	29	1	2	1	1
36	29	1	2	1	1
37	27	3	2	1	1
38	29	1	2	1	1
39	25	5	2	1	1
40	28	2	2	1	1
41	25	5	2	0	2
42	25	5	2	0	2
43	28	2	2	0	2
44	21	9	2	0	2
45	25	5	2	0	2
46	23	7	2	0	2
47	25	5	2	0	2
48	25	5	2	0	2
49	22	8	2	0	2
50	16	14	2	0	2
