mutation_id	ref_counts	var_counts	normal_cn	minor_cn	major_cn
1	36	24	2	1	1
2	19	41	2	1	1
3	32	28	2	1	1
4	34	26	2	1	1
5	27	33	2	1	1
6	25	35	2	1	1
7	38	22	2	1	1
8	34	26	2	1	1
9	20	40	2	1	1
10	28	32	2	1	1
11	35	25	2	1	1
12	24	36	2	1	1
13	29	31	2	1	1
14	32	28	2	1	1
15	33	27	2	1	1
16	24	36	2	1	1
17	32	28	2	1	1
18	35	25	2	1	1
19	27	33	2	1	1
20	29	31	2	1	1
21	34	26	2	1	1
22	35	25	2	1	1
23	36	24	2	1	1
24	31	29	2	1	1
25	33	27	2	1	1
26	35	25	2	1	1
27	34	26	2	1	1
28	33	27	2	1	1
29	39	21	2	1	1
30	35	25	2	1	1
31	34	26	2	1	1
32	36	24	2	1	1
33	33	27	2	1	1
34	37	23	2	1	1
35	26	34	2	1	1
36	34	26	2	1	1
37	35	25	2	1	1
38	32	28	2	1	1
39	29	31	2	1	1
40	38	22	2	1	1
41	46	14	2	1	2
42	45	15	2	1	2
43	36	24	2	1	2
44	40	20	2	1	2
45	41	19	2	1	2
46	37	23	2	1	2
47	41	19	2	1	2
48	45	15	2	1	2
49	37	23	2	1	2
50	42	18	2	1	2
51	41	19	2	1	2
52	42	18	2	1	2
53	39	21	2	1	2
54	46	14	2	1	2
55	45	15	2	1	2
56	39	21	2	1	2
57	50	10	2	1	2
58	38	22	2	1	2
59	36	24	2	1	2
60	42	18	2	1	2
61	57	3	2	1	1
62	54	6	2	1	1
63	56	4	2	1	1
64	56	4	2	1	1
65	55	5	2	1	1
66	56	4	2	1	1
67	55	5	2	1	1
68	54	6	2	1	1
69	57	3	2	1	1
70	58	2	2	1	1
71	54	6	2	1	1
72	54	6	2	1	1
73	56	4	2	1	1
74	54	6	2	1	1
75	55	5	2	1	1
76	54	6	2	1	1
77	58	2	2	1	1
78	57	3	2	1	1
79	54	6	2	1	1
80	53	7	2	1	1
81	52	8	2	0	2
82	49	11	2	0	2
83	46	14	2	0	2
84	51	9	2	0	2
85	49	11	2	0	2
86	46	14	2	0	2
87	52	8	2	0	2
88	49	11	2	0	2
89	45	15	2	0	2
90	42	18	2	0	2
91	46	14	2	0	2
92	47	13	2	0	2
93	45	15	2	0	2
94	46	14	2	0	2
95	49	11	2	0	2
96	47	13	2	0	2
97	50	10	2	0	2
98	52	8	2	0	2
99	53	7	2	0	2
100	55	5	2	0	2
