mutation_id	ref_counts	var_counts	normal_cn	minor_cn	major_cn
1	496	504	2	1	1
2	486	514	2	1	1
3	501	499	2	1	1
4	506	494	2	1	1
5	537	463	2	1	1
6	477	523	2	1	1
7	496	504	2	1	1
8	514	486	2	1	1
9	476	524	2	1	1
10	471	529	2	1	1
11	494	506	2	1	1
12	498	502	2	1	1
13	508	492	2	1	1
14	531	469	2	1	1
15	506	494	2	1	1
16	500	500	2	1	1
17	516	484	2	1	1
18	499	501	2	1	1
19	502	498	2	1	1
20	506	494	2	1	1
21	526	474	2	1	1
22	525	475	2	1	1
23	577	423	2	1	1
24	534	466	2	1	1
25	536	464	2	1	1
26	581	419	2	1	1
27	569	431	2	1	1
28	568	432	2	1	1
29	572	428	2	1	1
30	553	447	2	1	1
31	539	461	2	1	1
32	545	455	2	1	1
33	561	439	2	1	1
34	548	452	2	1	1
35	551	449	2	1	1
36	538	462	2	1	1
37	538	462	2	1	1
38	557	443	2	1	1
39	569	431	2	1	1
40	520	480	2	1	1
41	714	286	2	1	2
42	671	329	2	1	2
43	722	278	2	1	2
44	681	319	2	1	2
45	688	312	2	1	2
46	705	295	2	1	2
47	708	292	2	1	2
48	722	278	2	1	2
49	695	305	2	1	2
50	688	312	2	1	2
51	696	304	2	1	2
52	704	296	2	1	2
53	709	291	2	1	2
54	691	309	2	1	2
55	686	314	2	1	2
56	701	299	2	1	2
57	668	332	2	1	2
58	689	311	2	1	2
59	684	316	2	1	2
60	699	301	2	1	2
61	934	66	2	1	1
62	922	78	2	1	1
63	911	89	2	1	1
64	931	69	2	1	1
65	937	63	2	1	1
66	923	77	2	1	1
67	919	81	2	1	1
68	913	87	2	1	1
69	917	83	2	1	1
70	932	68	2	1	1
71	936	64	2	1	1
72	929	71	2	1	1
73	908	92	2	1	1
74	928	72	2	1	1
75	927	73	2	1	1
76	948	52	2	1	1
77	930	70	2	1	1
78	933	67	2	1	1
79	921	79	2	1	1
80	928	72	2	1	1
81	793	207	2	0	2
82	804	196	2	0	2
83	784	216	2	0	2
84	819	181	2	0	2
85	788	212	2	0	2
86	781	219	2	0	2
87	799	201	2	0	2
88	793	207	2	0	2
89	803	197	2	0	2
90	810	190	2	0	2
91	799	201	2	0	2
92	777	223	2	0	2
93	804	196	2	0	2
94	800	200	2	0	2
95	783	217	2	0	2
96	814	186	2	0	2
97	797	203	2	0	2
98	772	228	2	0	2
99	812	188	2	0	2
100	798	202	2	0	2
