mutation_id	ref_counts	var_counts	normal_cn	minor_cn	major_cn
1	32	28	2	1	1
2	25	35	2	1	1
3	27	33	2	1	1
4	28	32	2	1	1
5	33	27	2	1	1
6	35	25	2	1	1
7	30	30	2	1	1
8	31	29	2	1	1
9	33	27	2	1	1
10	34	26	2	1	1
11	33	27	2	1	1
12	28	32	2	1	1
13	35	25	2	1	1
14	37	23	2	1	1
15	28	32	2	1	1
16	25	35	2	1	1
17	29	31	2	1	1
18	39	21	2	1	1
19	29	31	2	1	1
20	28	32	2	1	1
21	27	33	2	1	1
22	31	29	2	1	1
23	33	27	2	1	1
24	40	20	2	1	1
25	35	25	2	1	1
26	36	24	2	1	1
27	41	19	2	1	1
28	35	25	2	1	1
29	29	31	2	1	1
30	30	30	2	1	1
31	30	30	2	1	1
32	36	24	2	1	1
33	36	24	2	1	1
34	35	25	2	1	1
35	32	28	2	1	1
36	37	23	2	1	1
37	26	34	2	1	1
38	34	26	2	1	1
39	34	26	2	1	1
40	32	28	2	1	1
41	42	18	2	1	2
42	45	15	2	1	2
43	38	22	2	1	2
44	42	18	2	1	2
45	41	19	2	1	2
46	41	19	2	1	2
47	42	18	2	1	2
48	38	22	2	1	2
49	39	21	2	1	2
50	47	13	2	1	2
51	42	18	2	1	2
52	38	22	2	1	2
53	41	19	2	1	2
54	42	18	2	1	2
55	42	18	2	1	2
56	43	17	2	1	2
57	34	26	2	1	2
58	42	18	2	1	2
59	46	14	2	1	2
60	41	19	2	1	2
61	60	0	2	1	1
62	55	5	2	1	1
63	56	4	2	1	1
64	57	3	2	1	1
65	58	2	2	1	1
66	56	4	2	1	1
67	57	3	2	1	1
68	57	3	2	1	1
69	54	6	2	1	1
70	53	7	2	1	1
71	56	4	2	1	1
72	57	3	2	1	1
73	57	3	2	1	1
74	55	5	2	1	1
75	51	9	2	1	1
76	58	2	2	1	1
77	58	2	2	1	1
78	53	7	2	1	1
79	54	6	2	1	1
80	57	3	2	1	1
81	51	9	2	0	2
82	52	8	2	0	2
83	50	10	2	0	2
84	45	15	2	0	2
85	43	17	2	0	2
86	46	14	2	0	2
87	50	10	2	0	2
88	49	11	2	0	2
89	51	9	2	0	2
90	41	19	2	0	2
91	47	13	2	0	2
92	47	13	2	0	2
93	50	10	2	0	2
94	40	20	2	0	2
95	44	16	2	0	2
96	48	12	2	0	2
97	52	8	2	0	2
98	42	18	2	0	2
99	53	7	2	0	2
100	50	10	2	0	2
