mutation_id	ref_counts	var_counts	normal_cn	minor_cn	major_cn
1	15	15	2	1	1
2	15	15	2	1	1
3	14	16	2	1	1
4	12	18	2	1	1
5	17	13	2	1	1
6	17	13	2	1	1
7	12	18	2	1	1
8	14	16	2	1	1
9	18	12	2	1	1
10	12	18	2	1	1
11	13	17	2	1	1
12	15	15	2	1	1
13	19	11	2	1	1
14	16	14	2	1	1
15	19	11	2	1	1
16	14	16	2	1	1
17	13	17	2	1	1
18	20	10	2	1	1
19	15	15	2	1	1
20	10	20	2	1	1
21	22	8	2	1	1
22	18	12	2	1	1
23	12	18	2	1	1
24	18	12	2	1	1
25	16	14	2	1	1
26	22	8	2	1	1
27	17	13	2	1	1
28	16	14	2	1	1
29	19	11	2	1	1
30	16	14	2	1	1
31	18	12	2	1	1
32	19	11	2	1	1
33	14	16	2	1	1
34	18	12	2	1	1
35	17	13	2	1	1
36	18	12	2	1	1
37	22	8	2	1	1
38	18	12	2	1	1
39	19	11	2	1	1
40	17	13	2	1	1
41	19	11	2	1	2
42	18	12	2	1	2
43	21	9	2	1	2
44	18	12	2	1	2
45	19	11	2	1	2
46	27	3	2	1	2
47	21	9	2	1	2
48	23	7	2	1	2
49	20	10	2	1	2
50	20	10	2	1	2
51	19	11	2	1	2
52	21	9	2	1	2
53	20	10	2	1	2
54	21	9	2	1	2
55	20	10	2	1	2
56	18	12	2	1	2
57	23	7	2	1	2
58	21	9	2	1	2
59	20	10	2	1	2
60	25	5	2	1	2
61	28	2	2	1	1
62	29	1	2	1	1
63	29	1	2	1	1
64	25	5	2	1	1
65	29	1	2	1	1
66	28	2	2	1	1
67	28	2	2	1	1
68	28	2	2	1	1
69	29	1	2	1	1
70	29	1	2	1	1
71	29	1	2	1	1
72	28	2	2	1	1
73	28	2	2	1	1
74	30	0	2	1	1
75	29	1	2	1	1
76	29	1	2	1	1
77	27	3	2	1	1
78	29	1	2	1	1
79	22	8	2	1	1
80	29	1	2	1	1
81	26	4	2	0	2
82	27	3	2	0	2
83	27	3	2	0	2
84	26	4	2	0	2
85	22	8	2	0	2
86	22	8	2	0	2
87	22	8	2	0	2
88	24	6	2	0	2
89	22	8	2	0	2
90	22	8	2	0	2
91	23	7	2	0	2
92	25	5	2	0	2
93	21	9	2	0	2
94	21	9	2	0	2
95	22	8	2	0	2
96	26	4	2	0	2
97	26	4	2	0	2
98	26	4	2	0	2
99	22	8	2	0	2
100	25	5	2	0	2
