mutation_id	ref_counts	var_counts	normal_cn	minor_cn	major_cn
1	18	12	2	1	1
2	11	19	2	1	1
3	12	18	2	1	1
4	19	11	2	1	1
5	16	14	2	1	1
6	13	17	2	1	1
7	15	15	2	1	1
8	17	13	2	1	1
9	16	14	2	1	1
10	13	17	2	1	1
11	16	14	2	1	1
12	13	17	2	1	1
13	18	12	2	1	1
14	17	13	2	1	1
15	17	13	2	1	1
16	12	18	2	1	1
17	19	11	2	1	1
18	20	10	2	1	1
19	17	13	2	1	1
20	15	15	2	1	1
21	23	7	2	1	2
22	22	8	2	1	2
23	17	13	2	1	2
24	19	11	2	1	2
25	17	13	2	1	2
26	23	7	2	1	2
27	16	14	2	1	2
28	16	14	2	1	2
29	21	9	2	1	2
30	18	12	2	1	2
31	29	1	2	1	1
32	27	3	2	1	1
33	27	3	2	1	1
34	29	1	2	1	1
35	28	2	2	1	1
36	29	1	2	1	1
37	28	2	2	1	1
38	24	6	2	1	1
39	27	3	2	1	1
40	30	0	2	1	1
41	22	8	2	0	2
42	25	5	2	0	2
43	23	7	2	0	2
44	24	6	2	0	2
45	22	8	2	0	2
46	23	7	2	0	2
47	20	10	2	0	2
48	26	4	2	0	2
49	25	5	2	0	2
50	26	4	2	0	2
