mutation_id	ref_counts	var_counts	normal_cn	minor_cn	major_cn
1	68	52	2	1	1
2	55	65	2	1	1
3	59	61	2	1	1
4	59	61	2	1	1
5	70	50	2	1	1
6	60	60	2	1	1
7	55	65	2	1	1
8	51	69	2	1	1
9	66	54	2	1	1
10	60	60	2	1	1
11	53	67	2	1	1
12	63	57	2	1	1
13	70	50	2	1	1
14	61	59	2	1	1
15	68	52	2	1	1
16	68	52	2	1	1
17	56	64	2	1	1
18	72	48	2	1	1
19	76	44	2	1	1
20	70	50	2	1	1
21	91	29	2	1	2
22	84	36	2	1	2
23	82	38	2	1	2
24	89	31	2	1	2
25	78	42	2	1	2
26	87	33	2	1	2
27	78	42	2	1	2
28	85	35	2	1	2
29	91	29	2	1	2
30	89	31	2	1	2
31	109	11	2	1	1
32	112	8	2	1	1
33	114	6	2	1	1
34	115	5	2	1	1
35	110	10	2	1	1
36	106	14	2	1	1
37	107	13	2	1	1
38	111	9	2	1	1
39	110	10	2	1	1
40	110	10	2	1	1
41	97	23	2	0	2
42	89	31	2	0	2
43	94	26	2	0	2
44	100	20	2	0	2
45	102	18	2	0	2
46	91	29	2	0	2
47	94	26	2	0	2
48	95	25	2	0	2
49	96	24	2	0	2
50	99	21	2	0	2
