mutation_id	ref_counts	var_counts	normal_cn	minor_cn	major_cn
1	26	34	2	1	1
2	32	28	2	1	1
3	32	28	2	1	1
4	33	27	2	1	1
5	33	27	2	1	1
6	27	33	2	1	1
7	35	25	2	1	1
8	34	26	2	1	1
9	26	34	2	1	1
10	28	32	2	1	1
11	32	28	2	1	1
12	36	24	2	1	1
13	36	24	2	1	1
14	37	23	2	1	1
15	31	29	2	1	1
16	34	26	2	1	1
17	35	25	2	1	1
18	34	26	2	1	1
19	33	27	2	1	1
20	36	24	2	1	1
21	36	24	2	1	2
22	44	16	2	1	2
23	46	14	2	1	2
24	48	12	2	1	2
25	40	20	2	1	2
26	44	16	2	1	2
27	41	19	2	1	2
28	44	16	2	1	2
29	47	13	2	1	2
30	46	14	2	1	2
31	51	9	2	1	1
32	56	4	2	1	1
33	56	4	2	1	1
34	53	7	2	1	1
35	55	5	2	1	1
36	57	3	2	1	1
37	55	5	2	1	1
38	50	10	2	1	1
39	58	2	2	1	1
40	56	4	2	1	1
41	50	10	2	0	2
42	41	19	2	0	2
43	49	11	2	0	2
44	49	11	2	0	2
45	43	17	2	0	2
46	50	10	2	0	2
47	49	11	2	0	2
48	44	16	2	0	2
49	47	13	2	0	2
50	52	8	2	0	2
