mutation_id	ref_counts	var_counts	normal_cn	minor_cn	major_cn
1	17	13	2	1	1
2	13	17	2	1	1
3	12	18	2	1	1
4	12	18	2	1	1
5	16	14	2	1	1
6	15	15	2	1	1
7	15	15	2	1	1
8	13	17	2	1	1
9	16	14	2	1	1
10	16	14	2	1	1
11	16	14	2	1	1
12	15	15	2	1	1
13	22	8	2	1	1
14	16	14	2	1	1
15	18	12	2	1	1
16	12	18	2	1	1
17	15	15	2	1	1
18	18	12	2	1	1
19	16	14	2	1	1
20	16	14	2	1	1
21	13	17	2	1	2
22	21	9	2	1	2
23	21	9	2	1	2
24	20	10	2	1	2
25	20	10	2	1	2
26	20	10	2	1	2
27	24	6	2	1	2
28	22	8	2	1	2
29	22	8	2	1	2
30	22	8	2	1	2
31	27	3	2	1	1
32	29	1	2	1	1
33	26	4	2	1	1
34	28	2	2	1	1
35	27	3	2	1	1
36	28	2	2	1	1
37	29	1	2	1	1
38	28	2	2	1	1
39	24	6	2	1	1
40	24	6	2	1	1
41	26	4	2	0	2
42	26	4	2	0	2
43	26	4	2	0	2
44	26	4	2	0	2
45	24	6	2	0	2
46	23	7	2	0	2
47	24	6	2	0	2
48	26	4	2	0	2
49	28	2	2	0	2
50	25	5	2	0	2
