mutation_id	ref_counts	var_counts	normal_cn	minor_cn	major_cn
1	508	492	2	1	1
2	495	505	2	1	1
3	502	498	2	1	1
4	511	489	2	1	1
5	513	487	2	1	1
6	496	504	2	1	1
7	483	517	2	1	1
8	515	485	2	1	1
9	464	536	2	1	1
10	510	490	2	1	1
11	515	485	2	1	1
12	509	491	2	1	1
13	531	469	2	1	1
14	473	527	2	1	1
15	492	508	2	1	1
16	474	526	2	1	1
17	509	491	2	1	1
18	521	479	2	1	1
19	511	489	2	1	1
20	487	513	2	1	1
21	547	453	2	1	1
22	554	446	2	1	1
23	524	476	2	1	1
24	566	434	2	1	1
25	553	447	2	1	1
26	530	470	2	1	1
27	526	474	2	1	1
28	553	447	2	1	1
29	573	427	2	1	1
30	551	449	2	1	1
31	570	430	2	1	1
32	567	433	2	1	1
33	553	447	2	1	1
34	532	468	2	1	1
35	550	450	2	1	1
36	539	461	2	1	1
37	541	459	2	1	1
38	533	467	2	1	1
39	505	495	2	1	1
40	548	452	2	1	1
41	687	313	2	1	2
42	651	349	2	1	2
43	719	281	2	1	2
44	705	295	2	1	2
45	679	321	2	1	2
46	706	294	2	1	2
47	696	304	2	1	2
48	689	311	2	1	2
49	687	313	2	1	2
50	706	294	2	1	2
51	677	323	2	1	2
52	692	308	2	1	2
53	698	302	2	1	2
54	714	286	2	1	2
55	694	306	2	1	2
56	674	326	2	1	2
57	693	307	2	1	2
58	696	304	2	1	2
59	705	295	2	1	2
60	696	304	2	1	2
61	924	76	2	1	1
62	921	79	2	1	1
63	927	73	2	1	1
64	921	79	2	1	1
65	927	73	2	1	1
66	928	72	2	1	1
67	926	74	2	1	1
68	928	72	2	1	1
69	926	74	2	1	1
70	936	64	2	1	1
71	936	64	2	1	1
72	927	73	2	1	1
73	922	78	2	1	1
74	926	74	2	1	1
75	929	71	2	1	1
76	916	84	2	1	1
77	928	72	2	1	1
78	926	74	2	1	1
79	932	68	2	1	1
80	930	70	2	1	1
81	795	205	2	0	2
82	805	195	2	0	2
83	804	196	2	0	2
84	799	201	2	0	2
85	792	208	2	0	2
86	794	206	2	0	2
87	803	197	2	0	2
88	806	194	2	0	2
89	798	202	2	0	2
90	804	196	2	0	2
91	776	224	2	0	2
92	805	195	2	0	2
93	806	194	2	0	2
94	818	182	2	0	2
95	800	200	2	0	2
96	801	199	2	0	2
97	799	201	2	0	2
98	803	197	2	0	2
99	779	221	2	0	2
100	800	200	2	0	2
