mutation_id	ref_counts	var_counts	normal_cn	minor_cn	major_cn
1	35	25	2	1	1
2	24	36	2	1	1
3	25	35	2	1	1
4	32	28	2	1	1
5	28	32	2	1	1
6	23	37	2	1	1
7	25	35	2	1	1
8	29	31	2	1	1
9	26	34	2	1	1
10	26	34	2	1	1
11	24	36	2	1	1
12	30	30	2	1	1
13	33	27	2	1	1
14	37	23	2	1	1
15	34	26	2	1	1
16	36	24	2	1	1
17	30	30	2	1	1
18	33	27	2	1	1
19	39	21	2	1	1
20	27	33	2	1	1
21	39	21	2	1	2
22	38	22	2	1	2
23	44	16	2	1	2
24	47	13	2	1	2
25	42	18	2	1	2
26	42	18	2	1	2
27	48	12	2	1	2
28	43	17	2	1	2
29	44	16	2	1	2
30	42	18	2	1	2
31	58	2	2	1	1
32	58	2	2	1	1
33	57	3	2	1	1
34	58	2	2	1	1
35	54	6	2	1	1
36	53	7	2	1	1
37	52	8	2	1	1
38	57	3	2	1	1
39	54	6	2	1	1
40	52	8	2	1	1
41	46	14	2	0	2
42	46	14	2	0	2
43	41	19	2	0	2
44	52	8	2	0	2
45	52	8	2	0	2
46	48	12	2	0	2
47	51	9	2	0	2
48	43	17	2	0	2
49	51	9	2	0	2
50	46	14	2	0	2
