mutation_id	ref_counts	var_counts	normal_cn	minor_cn	major_cn
1	28	32	2	1	1
2	32	28	2	1	1
3	29	31	2	1	1
4	31	29	2	1	1
5	29	31	2	1	1
6	30	30	2	1	1
7	27	33	2	1	1
8	29	31	2	1	1
9	25	35	2	1	1
10	33	27	2	1	1
11	28	32	2	1	1
12	32	28	2	1	1
13	34	26	2	1	1
14	42	18	2	1	1
15	31	29	2	1	1
16	30	30	2	1	1
17	31	29	2	1	1
18	34	26	2	1	1
19	38	22	2	1	1
20	38	22	2	1	1
21	44	16	2	1	2
22	33	27	2	1	2
23	45	15	2	1	2
24	40	20	2	1	2
25	42	18	2	1	2
26	38	22	2	1	2
27	49	11	2	1	2
28	36	24	2	1	2
29	33	27	2	1	2
30	43	17	2	1	2
31	55	5	2	1	1
32	55	5	2	1	1
33	57	3	2	1	1
34	50	10	2	1	1
35	57	3	2	1	1
36	55	5	2	1	1
37	55	5	2	1	1
38	60	0	2	1	1
39	57	3	2	1	1
40	56	4	2	1	1
41	51	9	2	0	2
42	50	10	2	0	2
43	53	7	2	0	2
44	50	10	2	0	2
45	44	16	2	0	2
46	47	13	2	0	2
47	46	14	2	0	2
48	48	12	2	0	2
49	51	9	2	0	2
50	49	11	2	0	2
