mutation_id	ref_counts	var_counts	normal_cn	minor_cn	major_cn
1	480	520	2	1	1
2	516	484	2	1	1
3	516	484	2	1	1
4	486	514	2	1	1
5	484	516	2	1	1
6	490	510	2	1	1
7	491	509	2	1	1
8	490	510	2	1	1
9	501	499	2	1	1
10	496	504	2	1	1
11	577	423	2	1	1
12	546	454	2	1	1
13	579	421	2	1	1
14	563	437	2	1	1
15	523	477	2	1	1
16	570	430	2	1	1
17	558	442	2	1	1
18	552	448	2	1	1
19	582	418	2	1	1
20	545	455	2	1	1
21	719	281	2	1	2
22	684	316	2	1	2
23	689	311	2	1	2
24	706	294	2	1	2
25	704	296	2	1	2
26	697	303	2	1	2
27	679	321	2	1	2
28	717	283	2	1	2
29	709	291	2	1	2
30	729	271	2	1	2
31	924	76	2	1	1
32	918	82	2	1	1
33	924	76	2	1	1
34	933	67	2	1	1
35	922	78	2	1	1
36	925	75	2	1	1
37	921	79	2	1	1
38	925	75	2	1	1
39	951	49	2	1	1
40	925	75	2	1	1
41	808	192	2	0	2
42	794	206	2	0	2
43	820	180	2	0	2
44	787	213	2	0	2
45	795	205	2	0	2
46	793	207	2	0	2
47	807	193	2	0	2
48	823	177	2	0	2
49	809	191	2	0	2
50	792	208	2	0	2
