mutation_id	ref_counts	var_counts	normal_cn	minor_cn	major_cn
1	489	511	2	1	1
2	475	525	2	1	1
3	517	483	2	1	1
4	490	510	2	1	1
5	507	493	2	1	1
6	487	513	2	1	1
7	519	481	2	1	1
8	507	493	2	1	1
9	521	479	2	1	1
10	490	510	2	1	1
11	488	512	2	1	1
12	490	510	2	1	1
13	510	490	2	1	1
14	493	507	2	1	1
15	504	496	2	1	1
16	512	488	2	1	1
17	486	514	2	1	1
18	491	509	2	1	1
19	491	509	2	1	1
20	499	501	2	1	1
21	543	457	2	1	1
22	528	472	2	1	1
23	558	442	2	1	1
24	563	437	2	1	1
25	524	476	2	1	1
26	531	469	2	1	1
27	565	435	2	1	1
28	531	469	2	1	1
29	553	447	2	1	1
30	573	427	2	1	1
31	545	455	2	1	1
32	542	458	2	1	1
33	540	460	2	1	1
34	537	463	2	1	1
35	568	432	2	1	1
36	547	453	2	1	1
37	553	447	2	1	1
38	563	437	2	1	1
39	531	469	2	1	1
40	541	459	2	1	1
41	681	319	2	1	2
42	690	310	2	1	2
43	675	325	2	1	2
44	697	303	2	1	2
45	686	314	2	1	2
46	698	302	2	1	2
47	682	318	2	1	2
48	705	295	2	1	2
49	691	309	2	1	2
50	716	284	2	1	2
51	708	292	2	1	2
52	685	315	2	1	2
53	698	302	2	1	2
54	681	319	2	1	2
55	712	288	2	1	2
56	727	273	2	1	2
57	680	320	2	1	2
58	677	323	2	1	2
59	700	300	2	1	2
60	670	330	2	1	2
61	923	77	2	1	1
62	932	68	2	1	1
63	909	91	2	1	1
64	939	61	2	1	1
65	920	80	2	1	1
66	925	75	2	1	1
67	919	81	2	1	1
68	919	81	2	1	1
69	933	67	2	1	1
70	936	64	2	1	1
71	910	90	2	1	1
72	927	73	2	1	1
73	918	82	2	1	1
74	938	62	2	1	1
75	914	86	2	1	1
76	926	74	2	1	1
77	921	79	2	1	1
78	928	72	2	1	1
79	927	73	2	1	1
80	922	78	2	1	1
81	793	207	2	0	2
82	794	206	2	0	2
83	800	200	2	0	2
84	796	204	2	0	2
85	801	199	2	0	2
86	813	187	2	0	2
87	783	217	2	0	2
88	782	218	2	0	2
89	803	197	2	0	2
90	820	180	2	0	2
91	796	204	2	0	2
92	777	223	2	0	2
93	804	196	2	0	2
94	789	211	2	0	2
95	810	190	2	0	2
96	806	194	2	0	2
97	799	201	2	0	2
98	803	197	2	0	2
99	810	190	2	0	2
100	833	167	2	0	2
