mutation_id	ref_counts	var_counts	normal_cn	minor_cn	major_cn
1	482	518	2	1	1
2	503	497	2	1	1
3	508	492	2	1	1
4	522	478	2	1	1
5	496	504	2	1	1
6	481	519	2	1	1
7	499	501	2	1	1
8	503	497	2	1	1
9	507	493	2	1	1
10	478	522	2	1	1
11	556	444	2	1	1
12	539	461	2	1	1
13	555	445	2	1	1
14	540	460	2	1	1
15	577	423	2	1	1
16	553	447	2	1	1
17	563	437	2	1	1
18	591	409	2	1	1
19	553	447	2	1	1
20	538	462	2	1	1
21	692	308	2	1	2
22	704	296	2	1	2
23	703	297	2	1	2
24	702	298	2	1	2
25	713	287	2	1	2
26	687	313	2	1	2
27	703	297	2	1	2
28	706	294	2	1	2
29	675	325	2	1	2
30	706	294	2	1	2
31	929	71	2	1	1
32	938	62	2	1	1
33	939	61	2	1	1
34	938	62	2	1	1
35	934	66	2	1	1
36	923	77	2	1	1
37	910	90	2	1	1
38	927	73	2	1	1
39	918	82	2	1	1
40	925	75	2	1	1
41	791	209	2	0	2
42	796	204	2	0	2
43	794	206	2	0	2
44	794	206	2	0	2
45	804	196	2	0	2
46	780	220	2	0	2
47	798	202	2	0	2
48	812	188	2	0	2
49	782	218	2	0	2
50	804	196	2	0	2
