mutation_id	ref_counts	var_counts	normal_cn	minor_cn	major_cn
1	509	491	2	1	1
2	514	486	2	1	1
3	480	520	2	1	1
4	490	510	2	1	1
5	491	509	2	1	1
6	497	503	2	1	1
7	488	512	2	1	1
8	504	496	2	1	1
9	514	486	2	1	1
10	511	489	2	1	1
11	556	444	2	1	1
12	537	463	2	1	1
13	552	448	2	1	1
14	561	439	2	1	1
15	555	445	2	1	1
16	525	475	2	1	1
17	548	452	2	1	1
18	546	454	2	1	1
19	546	454	2	1	1
20	533	467	2	1	1
21	705	295	2	1	2
22	705	295	2	1	2
23	708	292	2	1	2
24	714	286	2	1	2
25	698	302	2	1	2
26	711	289	2	1	2
27	701	299	2	1	2
28	692	308	2	1	2
29	689	311	2	1	2
30	692	308	2	1	2
31	922	78	2	1	1
32	936	64	2	1	1
33	913	87	2	1	1
34	939	61	2	1	1
35	932	68	2	1	1
36	914	86	2	1	1
37	930	70	2	1	1
38	928	72	2	1	1
39	915	85	2	1	1
40	930	70	2	1	1
41	795	205	2	0	2
42	791	209	2	0	2
43	798	202	2	0	2
44	807	193	2	0	2
45	808	192	2	0	2
46	797	203	2	0	2
47	805	195	2	0	2
48	792	208	2	0	2
49	790	210	2	0	2
50	787	213	2	0	2
