mutation_id	ref_counts	var_counts	normal_cn	minor_cn	major_cn
1	30	30	2	1	1
2	30	30	2	1	1
3	21	39	2	1	1
4	27	33	2	1	1
5	27	33	2	1	1
6	28	32	2	1	1
7	26	34	2	1	1
8	30	30	2	1	1
9	36	24	2	1	1
10	31	29	2	1	1
11	35	25	2	1	1
12	36	24	2	1	1
13	27	33	2	1	1
14	37	23	2	1	1
15	37	23	2	1	1
16	35	25	2	1	1
17	34	26	2	1	1
18	35	25	2	1	1
19	36	24	2	1	1
20	38	22	2	1	1
21	44	16	2	1	2
22	40	20	2	1	2
23	42	18	2	1	2
24	42	18	2	1	2
25	45	15	2	1	2
26	40	20	2	1	2
27	38	22	2	1	2
28	43	17	2	1	2
29	41	19	2	1	2
30	39	21	2	1	2
31	58	2	2	1	1
32	56	4	2	1	1
33	55	5	2	1	1
34	57	3	2	1	1
35	59	1	2	1	1
36	58	2	2	1	1
37	55	5	2	1	1
38	55	5	2	1	1
39	58	2	2	1	1
40	56	4	2	1	1
41	49	11	2	0	2
42	49	11	2	0	2
43	48	12	2	0	2
44	49	11	2	0	2
45	45	15	2	0	2
46	48	12	2	0	2
47	52	8	2	0	2
48	45	15	2	0	2
49	43	17	2	0	2
50	51	9	2	0	2
