mutation_id	ref_counts	var_counts	normal_cn	minor_cn	major_cn
1	33	27	2	1	1
2	33	27	2	1	1
3	30	30	2	1	1
4	33	27	2	1	1
5	27	33	2	1	1
6	34	26	2	1	1
7	31	29	2	1	1
8	30	30	2	1	1
9	28	32	2	1	1
10	29	31	2	1	1
11	36	24	2	1	1
12	30	30	2	1	1
13	37	23	2	1	1
14	34	26	2	1	1
15	38	22	2	1	1
16	37	23	2	1	1
17	35	25	2	1	1
18	38	22	2	1	1
19	34	26	2	1	1
20	24	36	2	1	1
21	43	17	2	1	2
22	40	20	2	1	2
23	44	16	2	1	2
24	42	18	2	1	2
25	41	19	2	1	2
26	43	17	2	1	2
27	43	17	2	1	2
28	45	15	2	1	2
29	48	12	2	1	2
30	39	21	2	1	2
31	58	2	2	1	1
32	54	6	2	1	1
33	55	5	2	1	1
34	58	2	2	1	1
35	53	7	2	1	1
36	55	5	2	1	1
37	58	2	2	1	1
38	54	6	2	1	1
39	52	8	2	1	1
40	56	4	2	1	1
41	54	6	2	0	2
42	43	17	2	0	2
43	52	8	2	0	2
44	53	7	2	0	2
45	50	10	2	0	2
46	46	14	2	0	2
47	45	15	2	0	2
48	45	15	2	0	2
49	50	10	2	0	2
50	53	7	2	0	2
