mutation_id	ref_counts	var_counts	normal_cn	minor_cn	major_cn
1	526	474	2	1	1
2	500	500	2	1	1
3	492	508	2	1	1
4	492	508	2	1	1
5	496	504	2	1	1
6	522	478	2	1	1
7	519	481	2	1	1
8	480	520	2	1	1
9	482	518	2	1	1
10	482	518	2	1	1
11	514	486	2	1	1
12	472	528	2	1	1
13	502	498	2	1	1
14	492	508	2	1	1
15	481	519	2	1	1
16	522	478	2	1	1
17	479	521	2	1	1
18	513	487	2	1	1
19	492	508	2	1	1
20	486	514	2	1	1
21	551	449	2	1	1
22	561	439	2	1	1
23	534	466	2	1	1
24	577	423	2	1	1
25	577	423	2	1	1
26	541	459	2	1	1
27	550	450	2	1	1
28	555	445	2	1	1
29	537	463	2	1	1
30	527	473	2	1	1
31	573	427	2	1	1
32	546	454	2	1	1
33	595	405	2	1	1
34	531	469	2	1	1
35	565	435	2	1	1
36	555	445	2	1	1
37	581	419	2	1	1
38	559	441	2	1	1
39	541	459	2	1	1
40	549	451	2	1	1
41	681	319	2	1	2
42	702	298	2	1	2
43	681	319	2	1	2
44	675	325	2	1	2
45	707	293	2	1	2
46	702	298	2	1	2
47	680	320	2	1	2
48	703	297	2	1	2
49	687	313	2	1	2
50	683	317	2	1	2
51	704	296	2	1	2
52	719	281	2	1	2
53	713	287	2	1	2
54	691	309	2	1	2
55	670	330	2	1	2
56	691	309	2	1	2
57	708	292	2	1	2
58	709	291	2	1	2
59	688	312	2	1	2
60	684	316	2	1	2
61	923	77	2	1	1
62	921	79	2	1	1
63	917	83	2	1	1
64	915	85	2	1	1
65	917	83	2	1	1
66	923	77	2	1	1
67	941	59	2	1	1
68	931	69	2	1	1
69	932	68	2	1	1
70	929	71	2	1	1
71	930	70	2	1	1
72	924	76	2	1	1
73	931	69	2	1	1
74	927	73	2	1	1
75	917	83	2	1	1
76	919	81	2	1	1
77	938	62	2	1	1
78	921	79	2	1	1
79	929	71	2	1	1
80	909	91	2	1	1
81	783	217	2	0	2
82	806	194	2	0	2
83	803	197	2	0	2
84	797	203	2	0	2
85	813	187	2	0	2
86	831	169	2	0	2
87	791	209	2	0	2
88	799	201	2	0	2
89	804	196	2	0	2
90	777	223	2	0	2
91	792	208	2	0	2
92	810	190	2	0	2
93	790	210	2	0	2
94	821	179	2	0	2
95	819	181	2	0	2
96	797	203	2	0	2
97	795	205	2	0	2
98	814	186	2	0	2
99	784	216	2	0	2
100	803	197	2	0	2
