mutation_id	ref_counts	var_counts	normal_cn	minor_cn	major_cn
1	517	483	2	1	1
2	524	476	2	1	1
3	509	491	2	1	1
4	514	486	2	1	1
5	516	484	2	1	1
6	477	523	2	1	1
7	497	503	2	1	1
8	480	520	2	1	1
9	509	491	2	1	1
10	498	502	2	1	1
11	524	476	2	1	1
12	494	506	2	1	1
13	508	492	2	1	1
14	511	489	2	1	1
15	476	524	2	1	1
16	484	516	2	1	1
17	488	512	2	1	1
18	498	502	2	1	1
19	496	504	2	1	1
20	509	491	2	1	1
21	542	458	2	1	1
22	536	464	2	1	1
23	566	434	2	1	1
24	564	436	2	1	1
25	541	459	2	1	1
26	530	470	2	1	1
27	564	436	2	1	1
28	529	471	2	1	1
29	522	478	2	1	1
30	536	464	2	1	1
31	576	424	2	1	1
32	523	477	2	1	1
33	547	453	2	1	1
34	595	405	2	1	1
35	559	441	2	1	1
36	533	467	2	1	1
37	538	462	2	1	1
38	553	447	2	1	1
39	554	446	2	1	1
40	553	447	2	1	1
41	701	299	2	1	2
42	702	298	2	1	2
43	701	299	2	1	2
44	707	293	2	1	2
45	711	289	2	1	2
46	682	318	2	1	2
47	706	294	2	1	2
48	715	285	2	1	2
49	699	301	2	1	2
50	676	324	2	1	2
51	677	323	2	1	2
52	682	318	2	1	2
53	681	319	2	1	2
54	702	298	2	1	2
55	719	281	2	1	2
56	689	311	2	1	2
57	696	304	2	1	2
58	674	326	2	1	2
59	704	296	2	1	2
60	691	309	2	1	2
61	931	69	2	1	1
62	930	70	2	1	1
63	925	75	2	1	1
64	927	73	2	1	1
65	927	73	2	1	1
66	915	85	2	1	1
67	941	59	2	1	1
68	931	69	2	1	1
69	926	74	2	1	1
70	929	71	2	1	1
71	913	87	2	1	1
72	925	75	2	1	1
73	914	86	2	1	1
74	926	74	2	1	1
75	923	77	2	1	1
76	937	63	2	1	1
77	927	73	2	1	1
78	939	61	2	1	1
79	909	91	2	1	1
80	921	79	2	1	1
81	820	180	2	0	2
82	815	185	2	0	2
83	796	204	2	0	2
84	800	200	2	0	2
85	792	208	2	0	2
86	805	195	2	0	2
87	795	205	2	0	2
88	774	226	2	0	2
89	804	196	2	0	2
90	812	188	2	0	2
91	805	195	2	0	2
92	804	196	2	0	2
93	792	208	2	0	2
94	810	190	2	0	2
95	790	210	2	0	2
96	837	163	2	0	2
97	805	195	2	0	2
98	795	205	2	0	2
99	806	194	2	0	2
100	806	194	2	0	2
