mutation_id	ref_counts	var_counts	normal_cn	minor_cn	major_cn
1	487	513	2	1	1
2	495	505	2	1	1
3	514	486	2	1	1
4	493	507	2	1	1
5	477	523	2	1	1
6	512	488	2	1	1
7	489	511	2	1	1
8	487	513	2	1	1
9	499	501	2	1	1
10	495	505	2	1	1
11	543	457	2	1	1
12	559	441	2	1	1
13	563	437	2	1	1
14	546	454	2	1	1
15	532	468	2	1	1
16	545	455	2	1	1
17	548	452	2	1	1
18	557	443	2	1	1
19	558	442	2	1	1
20	578	422	2	1	1
21	681	319	2	1	2
22	699	301	2	1	2
23	688	312	2	1	2
24	734	266	2	1	2
25	699	301	2	1	2
26	705	295	2	1	2
27	690	310	2	1	2
28	687	313	2	1	2
29	698	302	2	1	2
30	682	318	2	1	2
31	924	76	2	1	1
32	926	74	2	1	1
33	930	70	2	1	1
34	923	77	2	1	1
35	943	57	2	1	1
36	928	72	2	1	1
37	933	67	2	1	1
38	906	94	2	1	1
39	904	96	2	1	1
40	918	82	2	1	1
41	801	199	2	0	2
42	808	192	2	0	2
43	788	212	2	0	2
44	809	191	2	0	2
45	795	205	2	0	2
46	797	203	2	0	2
47	823	177	2	0	2
48	816	184	2	0	2
49	792	208	2	0	2
50	777	223	2	0	2
