mutation_id	ref_counts	var_counts	normal_cn	minor_cn	major_cn
1	26	34	2	1	1
2	29	31	2	1	1
3	29	31	2	1	1
4	28	32	2	1	1
5	31	29	2	1	1
6	35	25	2	1	1
7	31	29	2	1	1
8	36	24	2	1	1
9	30	30	2	1	1
10	36	24	2	1	1
11	36	24	2	1	1
12	29	31	2	1	1
13	36	24	2	1	1
14	38	22	2	1	1
15	33	27	2	1	1
16	34	26	2	1	1
17	30	30	2	1	1
18	38	22	2	1	1
19	31	29	2	1	1
20	35	25	2	1	1
21	35	25	2	1	2
22	43	17	2	1	2
23	46	14	2	1	2
24	42	18	2	1	2
25	39	21	2	1	2
26	46	14	2	1	2
27	39	21	2	1	2
28	43	17	2	1	2
29	39	21	2	1	2
30	40	20	2	1	2
31	58	2	2	1	1
32	58	2	2	1	1
33	54	6	2	1	1
34	52	8	2	1	1
35	54	6	2	1	1
36	56	4	2	1	1
37	56	4	2	1	1
38	55	5	2	1	1
39	56	4	2	1	1
40	55	5	2	1	1
41	50	10	2	0	2
42	48	12	2	0	2
43	49	11	2	0	2
44	49	11	2	0	2
45	52	8	2	0	2
46	51	9	2	0	2
47	45	15	2	0	2
48	38	22	2	0	2
49	50	10	2	0	2
50	47	13	2	0	2
