mutation_id	ref_counts	var_counts	normal_cn	minor_cn	major_cn
1	30	30	2	1	1
2	28	32	2	1	1
3	34	26	2	1	1
4	36	24	2	1	1
5	35	25	2	1	1
6	29	31	2	1	1
7	32	28	2	1	1
8	25	35	2	1	1
9	28	32	2	1	1
10	31	29	2	1	1
11	41	19	2	1	1
12	34	26	2	1	1
13	27	33	2	1	1
14	36	24	2	1	1
15	37	23	2	1	1
16	40	20	2	1	1
17	34	26	2	1	1
18	26	34	2	1	1
19	27	33	2	1	1
20	32	28	2	1	1
21	40	20	2	1	2
22	45	15	2	1	2
23	38	22	2	1	2
24	44	16	2	1	2
25	38	22	2	1	2
26	38	22	2	1	2
27	47	13	2	1	2
28	42	18	2	1	2
29	44	16	2	1	2
30	40	20	2	1	2
31	56	4	2	1	1
32	57	3	2	1	1
33	54	6	2	1	1
34	57	3	2	1	1
35	54	6	2	1	1
36	56	4	2	1	1
37	58	2	2	1	1
38	58	2	2	1	1
39	58	2	2	1	1
40	58	2	2	1	1
41	47	13	2	0	2
42	50	10	2	0	2
43	49	11	2	0	2
44	46	14	2	0	2
45	48	12	2	0	2
46	45	15	2	0	2
47	58	2	2	0	2
48	48	12	2	0	2
49	44	16	2	0	2
50	48	12	2	0	2
