mutation_id	ref_counts	var_counts	normal_cn	minor_cn	major_cn
1	59	61	2	1	1
2	57	63	2	1	1
3	57	63	2	1	1
4	57	63	2	1	1
5	55	65	2	1	1
6	69	51	2	1	1
7	62	58	2	1	1
8	61	59	2	1	1
9	60	60	2	1	1
10	64	56	2	1	1
11	65	55	2	1	1
12	65	55	2	1	1
13	59	61	2	1	1
14	69	51	2	1	1
15	68	52	2	1	1
16	72	48	2	1	1
17	67	53	2	1	1
18	68	52	2	1	1
19	61	59	2	1	1
20	61	59	2	1	1
21	72	48	2	1	2
22	80	40	2	1	2
23	92	28	2	1	2
24	90	30	2	1	2
25	75	45	2	1	2
26	83	37	2	1	2
27	78	42	2	1	2
28	76	44	2	1	2
29	84	36	2	1	2
30	84	36	2	1	2
31	112	8	2	1	1
32	109	11	2	1	1
33	109	11	2	1	1
34	112	8	2	1	1
35	106	14	2	1	1
36	113	7	2	1	1
37	110	10	2	1	1
38	109	11	2	1	1
39	112	8	2	1	1
40	109	11	2	1	1
41	99	21	2	0	2
42	101	19	2	0	2
43	92	28	2	0	2
44	93	27	2	0	2
45	98	22	2	0	2
46	98	22	2	0	2
47	98	22	2	0	2
48	93	27	2	0	2
49	92	28	2	0	2
50	98	22	2	0	2
