mutation_id	ref_counts	var_counts	normal_cn	minor_cn	major_cn
1	23	37	2	1	1
2	27	33	2	1	1
3	31	29	2	1	1
4	31	29	2	1	1
5	32	28	2	1	1
6	28	32	2	1	1
7	25	35	2	1	1
8	32	28	2	1	1
9	31	29	2	1	1
10	25	35	2	1	1
11	32	28	2	1	1
12	37	23	2	1	1
13	29	31	2	1	1
14	34	26	2	1	1
15	39	21	2	1	1
16	27	33	2	1	1
17	30	30	2	1	1
18	34	26	2	1	1
19	32	28	2	1	1
20	34	26	2	1	1
21	40	20	2	1	2
22	43	17	2	1	2
23	40	20	2	1	2
24	45	15	2	1	2
25	40	20	2	1	2
26	43	17	2	1	2
27	43	17	2	1	2
28	41	19	2	1	2
29	47	13	2	1	2
30	46	14	2	1	2
31	57	3	2	1	1
32	55	5	2	1	1
33	56	4	2	1	1
34	54	6	2	1	1
35	56	4	2	1	1
36	56	4	2	1	1
37	54	6	2	1	1
38	59	1	2	1	1
39	50	10	2	1	1
40	56	4	2	1	1
41	43	17	2	0	2
42	47	13	2	0	2
43	50	10	2	0	2
44	48	12	2	0	2
45	52	8	2	0	2
46	45	15	2	0	2
47	53	7	2	0	2
48	44	16	2	0	2
49	42	18	2	0	2
50	47	13	2	0	2
