mutation_id	ref_counts	var_counts	normal_cn	minor_cn	major_cn
1	65	55	2	1	1
2	58	62	2	1	1
3	55	65	2	1	1
4	59	61	2	1	1
5	64	56	2	1	1
6	74	46	2	1	1
7	50	70	2	1	1
8	59	61	2	1	1
9	53	67	2	1	1
10	61	59	2	1	1
11	65	55	2	1	1
12	69	51	2	1	1
13	67	53	2	1	1
14	67	53	2	1	1
15	59	61	2	1	1
16	68	52	2	1	1
17	52	68	2	1	1
18	60	60	2	1	1
19	54	66	2	1	1
20	66	54	2	1	1
21	76	44	2	1	1
22	67	53	2	1	1
23	66	54	2	1	1
24	57	63	2	1	1
25	65	55	2	1	1
26	63	57	2	1	1
27	70	50	2	1	1
28	68	52	2	1	1
29	58	62	2	1	1
30	69	51	2	1	1
31	62	58	2	1	1
32	64	56	2	1	1
33	63	57	2	1	1
34	68	52	2	1	1
35	60	60	2	1	1
36	78	42	2	1	1
37	56	64	2	1	1
38	61	59	2	1	1
39	68	52	2	1	1
40	56	64	2	1	1
41	90	30	2	1	2
42	81	39	2	1	2
43	76	44	2	1	2
44	86	34	2	1	2
45	77	43	2	1	2
46	82	38	2	1	2
47	83	37	2	1	2
48	90	30	2	1	2
49	77	43	2	1	2
50	93	27	2	1	2
51	76	44	2	1	2
52	77	43	2	1	2
53	91	29	2	1	2
54	82	38	2	1	2
55	80	40	2	1	2
56	89	31	2	1	2
57	79	41	2	1	2
58	83	37	2	1	2
59	92	28	2	1	2
60	90	30	2	1	2
61	111	9	2	1	1
62	111	9	2	1	1
63	110	10	2	1	1
64	115	5	2	1	1
65	109	11	2	1	1
66	110	10	2	1	1
67	110	10	2	1	1
68	114	6	2	1	1
69	112	8	2	1	1
70	108	12	2	1	1
71	106	14	2	1	1
72	112	8	2	1	1
73	107	13	2	1	1
74	106	14	2	1	1
75	109	11	2	1	1
76	110	10	2	1	1
77	110	10	2	1	1
78	111	9	2	1	1
79	111	9	2	1	1
80	111	9	2	1	1
81	94	26	2	0	2
82	102	18	2	0	2
83	100	20	2	0	2
84	92	28	2	0	2
85	97	23	2	0	2
86	101	19	2	0	2
87	102	18	2	0	2
88	97	23	2	0	2
89	102	18	2	0	2
90	102	18	2	0	2
91	90	30	2	0	2
92	89	31	2	0	2
93	102	18	2	0	2
94	103	17	2	0	2
95	96	24	2	0	2
96	103	17	2	0	2
97	104	16	2	0	2
98	100	20	2	0	2
99	95	25	2	0	2
100	96	24	2	0	2
