mutation_id	ref_counts	var_counts	normal_cn	minor_cn	major_cn
1	64	56	2	1	1
2	59	61	2	1	1
3	63	57	2	1	1
4	61	59	2	1	1
5	58	62	2	1	1
6	63	57	2	1	1
7	56	64	2	1	1
8	64	56	2	1	1
9	63	57	2	1	1
10	68	52	2	1	1
11	63	57	2	1	1
12	69	51	2	1	1
13	73	47	2	1	1
14	64	56	2	1	1
15	64	56	2	1	1
16	74	46	2	1	1
17	66	54	2	1	1
18	76	44	2	1	1
19	67	53	2	1	1
20	74	46	2	1	1
21	82	38	2	1	2
22	87	33	2	1	2
23	79	41	2	1	2
24	87	33	2	1	2
25	80	40	2	1	2
26	83	37	2	1	2
27	95	25	2	1	2
28	90	30	2	1	2
29	82	38	2	1	2
30	84	36	2	1	2
31	109	11	2	1	1
32	110	10	2	1	1
33	111	9	2	1	1
34	110	10	2	1	1
35	108	12	2	1	1
36	114	6	2	1	1
37	111	9	2	1	1
38	107	13	2	1	1
39	109	11	2	1	1
40	113	7	2	1	1
41	101	19	2	0	2
42	96	24	2	0	2
43	97	23	2	0	2
44	91	29	2	0	2
45	96	24	2	0	2
46	92	28	2	0	2
47	101	19	2	0	2
48	95	25	2	0	2
49	92	28	2	0	2
50	104	16	2	0	2
