mutation_id	ref_counts	var_counts	normal_cn	minor_cn	major_cn
1	13	17	2	1	1
2	11	19	2	1	1
3	15	15	2	1	1
4	14	16	2	1	1
5	9	21	2	1	1
6	14	16	2	1	1
7	18	12	2	1	1
8	12	18	2	1	1
9	15	15	2	1	1
10	12	18	2	1	1
11	15	15	2	1	1
12	15	15	2	1	1
13	21	9	2	1	1
14	17	13	2	1	1
15	15	15	2	1	1
16	19	11	2	1	1
17	10	20	2	1	1
18	15	15	2	1	1
19	17	13	2	1	1
20	18	12	2	1	1
21	19	11	2	1	2
22	20	10	2	1	2
23	20	10	2	1	2
24	23	7	2	1	2
25	23	7	2	1	2
26	22	8	2	1	2
27	20	10	2	1	2
28	22	8	2	1	2
29	19	11	2	1	2
30	22	8	2	1	2
31	29	1	2	1	1
32	28	2	2	1	1
33	27	3	2	1	1
34	27	3	2	1	1
35	28	2	2	1	1
36	26	4	2	1	1
37	28	2	2	1	1
38	30	0	2	1	1
39	28	2	2	1	1
40	26	4	2	1	1
41	26	4	2	0	2
42	24	6	2	0	2
43	20	10	2	0	2
44	21	9	2	0	2
45	23	7	2	0	2
46	25	5	2	0	2
47	25	5	2	0	2
48	27	3	2	0	2
49	23	7	2	0	2
50	22	8	2	0	2
