mutation_id	ref_counts	var_counts	normal_cn	minor_cn	major_cn
1	30	30	2	1	1
2	31	29	2	1	1
3	33	27	2	1	1
4	28	32	2	1	1
5	27	33	2	1	1
6	23	37	2	1	1
7	28	32	2	1	1
8	29	31	2	1	1
9	23	37	2	1	1
10	26	34	2	1	1
11	33	27	2	1	1
12	24	36	2	1	1
13	34	26	2	1	1
14	31	29	2	1	1
15	31	29	2	1	1
16	33	27	2	1	1
17	34	26	2	1	1
18	42	18	2	1	1
19	29	31	2	1	1
20	34	26	2	1	1
21	27	33	2	1	1
22	36	24	2	1	1
23	33	27	2	1	1
24	33	27	2	1	1
25	28	32	2	1	1
26	30	30	2	1	1
27	29	31	2	1	1
28	41	19	2	1	1
29	28	32	2	1	1
30	32	28	2	1	1
31	36	24	2	1	1
32	33	27	2	1	1
33	35	25	2	1	1
34	28	32	2	1	1
35	29	31	2	1	1
36	34	26	2	1	1
37	33	27	2	1	1
38	30	30	2	1	1
39	28	32	2	1	1
40	33	27	2	1	1
41	44	16	2	1	2
42	46	14	2	1	2
43	45	15	2	1	2
44	39	21	2	1	2
45	47	13	2	1	2
46	46	14	2	1	2
47	45	15	2	1	2
48	40	20	2	1	2
49	42	18	2	1	2
50	40	20	2	1	2
51	44	16	2	1	2
52	41	19	2	1	2
53	35	25	2	1	2
54	41	19	2	1	2
55	45	15	2	1	2
56	43	17	2	1	2
57	33	27	2	1	2
58	37	23	2	1	2
59	35	25	2	1	2
60	43	17	2	1	2
61	54	6	2	1	1
62	57	3	2	1	1
63	57	3	2	1	1
64	57	3	2	1	1
65	57	3	2	1	1
66	56	4	2	1	1
67	55	5	2	1	1
68	53	7	2	1	1
69	56	4	2	1	1
70	58	2	2	1	1
71	56	4	2	1	1
72	58	2	2	1	1
73	59	1	2	1	1
74	57	3	2	1	1
75	55	5	2	1	1
76	54	6	2	1	1
77	56	4	2	1	1
78	58	2	2	1	1
79	54	6	2	1	1
80	53	7	2	1	1
81	53	7	2	0	2
82	50	10	2	0	2
83	50	10	2	0	2
84	45	15	2	0	2
85	45	15	2	0	2
86	46	14	2	0	2
87	50	10	2	0	2
88	46	14	2	0	2
89	48	12	2	0	2
90	53	7	2	0	2
91	52	8	2	0	2
92	56	4	2	0	2
93	48	12	2	0	2
94	46	14	2	0	2
95	41	19	2	0	2
96	44	16	2	0	2
97	51	9	2	0	2
98	49	11	2	0	2
99	49	11	2	0	2
100	53	7	2	0	2
