mutation_id	ref_counts	var_counts	normal_cn	minor_cn	major_cn
1	64	56	2	1	1
2	70	50	2	1	1
3	56	64	2	1	1
4	61	59	2	1	1
5	65	55	2	1	1
6	69	51	2	1	1
7	62	58	2	1	1
8	64	56	2	1	1
9	65	55	2	1	1
10	57	63	2	1	1
11	53	67	2	1	1
12	69	51	2	1	1
13	59	61	2	1	1
14	69	51	2	1	1
15	58	62	2	1	1
16	51	69	2	1	1
17	68	52	2	1	1
18	51	69	2	1	1
19	63	57	2	1	1
20	69	51	2	1	1
21	65	55	2	1	1
22	74	46	2	1	1
23	52	68	2	1	1
24	65	55	2	1	1
25	68	52	2	1	1
26	67	53	2	1	1
27	63	57	2	1	1
28	60	60	2	1	1
29	71	49	2	1	1
30	61	59	2	1	1
31	60	60	2	1	1
32	67	53	2	1	1
33	71	49	2	1	1
34	64	56	2	1	1
35	75	45	2	1	1
36	74	46	2	1	1
37	61	59	2	1	1
38	70	50	2	1	1
39	65	55	2	1	1
40	66	54	2	1	1
41	81	39	2	1	2
42	77	43	2	1	2
43	90	30	2	1	2
44	84	36	2	1	2
45	90	30	2	1	2
46	76	44	2	1	2
47	88	32	2	1	2
48	81	39	2	1	2
49	83	37	2	1	2
50	81	39	2	1	2
51	84	36	2	1	2
52	83	37	2	1	2
53	85	35	2	1	2
54	86	34	2	1	2
55	85	35	2	1	2
56	80	40	2	1	2
57	76	44	2	1	2
58	84	36	2	1	2
59	91	29	2	1	2
60	88	32	2	1	2
61	114	6	2	1	1
62	114	6	2	1	1
63	113	7	2	1	1
64	107	13	2	1	1
65	111	9	2	1	1
66	109	11	2	1	1
67	107	13	2	1	1
68	109	11	2	1	1
69	108	12	2	1	1
70	114	6	2	1	1
71	117	3	2	1	1
72	111	9	2	1	1
73	105	15	2	1	1
74	113	7	2	1	1
75	115	5	2	1	1
76	111	9	2	1	1
77	111	9	2	1	1
78	116	4	2	1	1
79	113	7	2	1	1
80	114	6	2	1	1
81	101	19	2	0	2
82	103	17	2	0	2
83	98	22	2	0	2
84	97	23	2	0	2
85	95	25	2	0	2
86	91	29	2	0	2
87	97	23	2	0	2
88	92	28	2	0	2
89	101	19	2	0	2
90	100	20	2	0	2
91	98	22	2	0	2
92	96	24	2	0	2
93	97	23	2	0	2
94	97	23	2	0	2
95	96	24	2	0	2
96	91	29	2	0	2
97	102	18	2	0	2
98	93	27	2	0	2
99	103	17	2	0	2
100	96	24	2	0	2
