mutation_id	ref_counts	var_counts	normal_cn	minor_cn	major_cn
1	519	481	2	1	1
2	500	500	2	1	1
3	511	489	2	1	1
4	511	489	2	1	1
5	506	494	2	1	1
6	505	495	2	1	1
7	526	474	2	1	1
8	504	496	2	1	1
9	471	529	2	1	1
10	505	495	2	1	1
11	529	471	2	1	1
12	562	438	2	1	1
13	559	441	2	1	1
14	568	432	2	1	1
15	534	466	2	1	1
16	547	453	2	1	1
17	559	441	2	1	1
18	543	457	2	1	1
19	556	444	2	1	1
20	550	450	2	1	1
21	729	271	2	1	2
22	699	301	2	1	2
23	701	299	2	1	2
24	735	265	2	1	2
25	691	309	2	1	2
26	686	314	2	1	2
27	667	333	2	1	2
28	688	312	2	1	2
29	707	293	2	1	2
30	718	282	2	1	2
31	925	75	2	1	1
32	933	67	2	1	1
33	922	78	2	1	1
34	925	75	2	1	1
35	907	93	2	1	1
36	919	81	2	1	1
37	916	84	2	1	1
38	920	80	2	1	1
39	920	80	2	1	1
40	926	74	2	1	1
41	803	197	2	0	2
42	806	194	2	0	2
43	777	223	2	0	2
44	809	191	2	0	2
45	821	179	2	0	2
46	809	191	2	0	2
47	803	197	2	0	2
48	807	193	2	0	2
49	785	215	2	0	2
50	830	170	2	0	2
