mutation_id	ref_counts	var_counts	normal_cn	minor_cn	major_cn
1	50	70	2	1	1
2	62	58	2	1	1
3	52	68	2	1	1
4	67	53	2	1	1
5	56	64	2	1	1
6	60	60	2	1	1
7	69	51	2	1	1
8	59	61	2	1	1
9	57	63	2	1	1
10	57	63	2	1	1
11	71	49	2	1	1
12	71	49	2	1	1
13	71	49	2	1	1
14	60	60	2	1	1
15	64	56	2	1	1
16	71	49	2	1	1
17	69	51	2	1	1
18	66	54	2	1	1
19	65	55	2	1	1
20	67	53	2	1	1
21	87	33	2	1	2
22	88	32	2	1	2
23	85	35	2	1	2
24	81	39	2	1	2
25	78	42	2	1	2
26	88	32	2	1	2
27	87	33	2	1	2
28	91	29	2	1	2
29	82	38	2	1	2
30	84	36	2	1	2
31	109	11	2	1	1
32	112	8	2	1	1
33	107	13	2	1	1
34	109	11	2	1	1
35	111	9	2	1	1
36	112	8	2	1	1
37	116	4	2	1	1
38	113	7	2	1	1
39	113	7	2	1	1
40	114	6	2	1	1
41	99	21	2	0	2
42	94	26	2	0	2
43	99	21	2	0	2
44	102	18	2	0	2
45	100	20	2	0	2
46	100	20	2	0	2
47	97	23	2	0	2
48	94	26	2	0	2
49	97	23	2	0	2
50	96	24	2	0	2
