mutation_id	ref_counts	var_counts	normal_cn	minor_cn	major_cn
1	50	70	2	1	1
2	68	52	2	1	1
3	53	67	2	1	1
4	55	65	2	1	1
5	60	60	2	1	1
6	61	59	2	1	1
7	63	57	2	1	1
8	51	69	2	1	1
9	54	66	2	1	1
10	53	67	2	1	1
11	65	55	2	1	1
12	63	57	2	1	1
13	50	70	2	1	1
14	61	59	2	1	1
15	63	57	2	1	1
16	60	60	2	1	1
17	60	60	2	1	1
18	61	59	2	1	1
19	61	59	2	1	1
20	64	56	2	1	1
21	67	53	2	1	1
22	62	58	2	1	1
23	68	52	2	1	1
24	67	53	2	1	1
25	65	55	2	1	1
26	69	51	2	1	1
27	71	49	2	1	1
28	65	55	2	1	1
29	73	47	2	1	1
30	63	57	2	1	1
31	68	52	2	1	1
32	68	52	2	1	1
33	60	60	2	1	1
34	65	55	2	1	1
35	67	53	2	1	1
36	68	52	2	1	1
37	74	46	2	1	1
38	64	56	2	1	1
39	67	53	2	1	1
40	65	55	2	1	1
41	78	42	2	1	2
42	89	31	2	1	2
43	82	38	2	1	2
44	88	32	2	1	2
45	74	46	2	1	2
46	81	39	2	1	2
47	80	40	2	1	2
48	79	41	2	1	2
49	79	41	2	1	2
50	84	36	2	1	2
51	86	34	2	1	2
52	97	23	2	1	2
53	86	34	2	1	2
54	87	33	2	1	2
55	82	38	2	1	2
56	85	35	2	1	2
57	76	44	2	1	2
58	89	31	2	1	2
59	84	36	2	1	2
60	79	41	2	1	2
61	111	9	2	1	1
62	114	6	2	1	1
63	111	9	2	1	1
64	112	8	2	1	1
65	111	9	2	1	1
66	116	4	2	1	1
67	113	7	2	1	1
68	109	11	2	1	1
69	110	10	2	1	1
70	115	5	2	1	1
71	111	9	2	1	1
72	109	11	2	1	1
73	110	10	2	1	1
74	108	12	2	1	1
75	112	8	2	1	1
76	110	10	2	1	1
77	105	15	2	1	1
78	116	4	2	1	1
79	110	10	2	1	1
80	109	11	2	1	1
81	100	20	2	0	2
82	101	19	2	0	2
83	90	30	2	0	2
84	90	30	2	0	2
85	89	31	2	0	2
86	95	25	2	0	2
87	94	26	2	0	2
88	96	24	2	0	2
89	100	20	2	0	2
90	103	17	2	0	2
91	100	20	2	0	2
92	94	26	2	0	2
93	94	26	2	0	2
94	99	21	2	0	2
95	101	19	2	0	2
96	99	21	2	0	2
97	98	22	2	0	2
98	96	24	2	0	2
99	96	24	2	0	2
100	97	23	2	0	2
