mutation_id	ref_counts	var_counts	normal_cn	minor_cn	major_cn
1	17	13	2	1	1
2	15	15	2	1	1
3	15	15	2	1	1
4	16	14	2	1	1
5	18	12	2	1	1
6	15	15	2	1	1
7	16	14	2	1	1
8	15	15	2	1	1
9	14	16	2	1	1
10	20	10	2	1	1
11	18	12	2	1	1
12	18	12	2	1	1
13	22	8	2	1	1
14	9	21	2	1	1
15	17	13	2	1	1
16	13	17	2	1	1
17	20	10	2	1	1
18	10	20	2	1	1
19	18	12	2	1	1
20	14	16	2	1	1
21	15	15	2	1	1
22	18	12	2	1	1
23	15	15	2	1	1
24	20	10	2	1	1
25	14	16	2	1	1
26	17	13	2	1	1
27	9	21	2	1	1
28	14	16	2	1	1
29	10	20	2	1	1
30	21	9	2	1	1
31	22	8	2	1	1
32	21	9	2	1	1
33	18	12	2	1	1
34	18	12	2	1	1
35	19	11	2	1	1
36	18	12	2	1	1
37	16	14	2	1	1
38	13	17	2	1	1
39	14	16	2	1	1
40	22	8	2	1	1
41	19	11	2	1	2
42	20	10	2	1	2
43	25	5	2	1	2
44	21	9	2	1	2
45	20	10	2	1	2
46	22	8	2	1	2
47	21	9	2	1	2
48	22	8	2	1	2
49	18	12	2	1	2
50	20	10	2	1	2
51	15	15	2	1	2
52	26	4	2	1	2
53	22	8	2	1	2
54	19	11	2	1	2
55	21	9	2	1	2
56	23	7	2	1	2
57	19	11	2	1	2
58	19	11	2	1	2
59	24	6	2	1	2
60	22	8	2	1	2
61	28	2	2	1	1
62	26	4	2	1	1
63	30	0	2	1	1
64	28	2	2	1	1
65	29	1	2	1	1
66	28	2	2	1	1
67	29	1	2	1	1
68	30	0	2	1	1
69	27	3	2	1	1
70	26	4	2	1	1
71	26	4	2	1	1
72	27	3	2	1	1
73	28	2	2	1	1
74	30	0	2	1	1
75	28	2	2	1	1
76	27	3	2	1	1
77	25	5	2	1	1
78	27	3	2	1	1
79	29	1	2	1	1
80	27	3	2	1	1
81	23	7	2	0	2
82	25	5	2	0	2
83	23	7	2	0	2
84	24	6	2	0	2
85	24	6	2	0	2
86	24	6	2	0	2
87	26	4	2	0	2
88	21	9	2	0	2
89	26	4	2	0	2
90	26	4	2	0	2
91	26	4	2	0	2
92	26	4	2	0	2
93	25	5	2	0	2
94	28	2	2	0	2
95	29	1	2	0	2
96	22	8	2	0	2
97	25	5	2	0	2
98	23	7	2	0	2
99	23	7	2	0	2
100	24	6	2	0	2
