mutation_id	ref_counts	var_counts	normal_cn	minor_cn	major_cn
1	16	14	2	1	1
2	19	11	2	1	1
3	18	12	2	1	1
4	13	17	2	1	1
5	17	13	2	1	1
6	11	19	2	1	1
7	14	16	2	1	1
8	14	16	2	1	1
9	16	14	2	1	1
10	14	16	2	1	1
11	16	14	2	1	1
12	21	9	2	1	1
13	15	15	2	1	1
14	13	17	2	1	1
15	17	13	2	1	1
16	10	20	2	1	1
17	15	15	2	1	1
18	16	14	2	1	1
19	17	13	2	1	1
20	16	14	2	1	1
21	21	9	2	1	1
22	17	13	2	1	1
23	19	11	2	1	1
24	20	10	2	1	1
25	19	11	2	1	1
26	13	17	2	1	1
27	17	13	2	1	1
28	18	12	2	1	1
29	17	13	2	1	1
30	18	12	2	1	1
31	20	10	2	1	1
32	20	10	2	1	1
33	14	16	2	1	1
34	18	12	2	1	1
35	17	13	2	1	1
36	17	13	2	1	1
37	22	8	2	1	1
38	18	12	2	1	1
39	19	11	2	1	1
40	14	16	2	1	1
41	21	9	2	1	2
42	22	8	2	1	2
43	21	9	2	1	2
44	21	9	2	1	2
45	22	8	2	1	2
46	21	9	2	1	2
47	22	8	2	1	2
48	18	12	2	1	2
49	20	10	2	1	2
50	23	7	2	1	2
51	25	5	2	1	2
52	22	8	2	1	2
53	20	10	2	1	2
54	23	7	2	1	2
55	20	10	2	1	2
56	22	8	2	1	2
57	21	9	2	1	2
58	19	11	2	1	2
59	22	8	2	1	2
60	23	7	2	1	2
61	29	1	2	1	1
62	30	0	2	1	1
63	29	1	2	1	1
64	27	3	2	1	1
65	28	2	2	1	1
66	29	1	2	1	1
67	27	3	2	1	1
68	28	2	2	1	1
69	27	3	2	1	1
70	26	4	2	1	1
71	28	2	2	1	1
72	25	5	2	1	1
73	29	1	2	1	1
74	28	2	2	1	1
75	26	4	2	1	1
76	28	2	2	1	1
77	29	1	2	1	1
78	29	1	2	1	1
79	26	4	2	1	1
80	25	5	2	1	1
81	26	4	2	0	2
82	24	6	2	0	2
83	23	7	2	0	2
84	22	8	2	0	2
85	25	5	2	0	2
86	22	8	2	0	2
87	25	5	2	0	2
88	26	4	2	0	2
89	21	9	2	0	2
90	22	8	2	0	2
91	27	3	2	0	2
92	25	5	2	0	2
93	21	9	2	0	2
94	26	4	2	0	2
95	25	5	2	0	2
96	22	8	2	0	2
97	23	7	2	0	2
98	23	7	2	0	2
99	25	5	2	0	2
100	28	2	2	0	2
