mutation_id	ref_counts	var_counts	normal_cn	minor_cn	major_cn
1	513	487	2	1	1
2	520	480	2	1	1
3	530	470	2	1	1
4	500	500	2	1	1
5	520	480	2	1	1
6	489	511	2	1	1
7	504	496	2	1	1
8	480	520	2	1	1
9	520	480	2	1	1
10	524	476	2	1	1
11	481	519	2	1	1
12	503	497	2	1	1
13	499	501	2	1	1
14	470	530	2	1	1
15	511	489	2	1	1
16	535	465	2	1	1
17	513	487	2	1	1
18	511	489	2	1	1
19	485	515	2	1	1
20	509	491	2	1	1
21	554	446	2	1	1
22	516	484	2	1	1
23	553	447	2	1	1
24	558	442	2	1	1
25	564	436	2	1	1
26	553	447	2	1	1
27	526	474	2	1	1
28	546	454	2	1	1
29	532	468	2	1	1
30	553	447	2	1	1
31	574	426	2	1	1
32	550	450	2	1	1
33	551	449	2	1	1
34	529	471	2	1	1
35	527	473	2	1	1
36	558	442	2	1	1
37	530	470	2	1	1
38	549	451	2	1	1
39	529	471	2	1	1
40	557	443	2	1	1
41	735	265	2	1	2
42	705	295	2	1	2
43	681	319	2	1	2
44	712	288	2	1	2
45	713	287	2	1	2
46	676	324	2	1	2
47	710	290	2	1	2
48	692	308	2	1	2
49	703	297	2	1	2
50	677	323	2	1	2
51	667	333	2	1	2
52	693	307	2	1	2
53	692	308	2	1	2
54	696	304	2	1	2
55	707	293	2	1	2
56	672	328	2	1	2
57	722	278	2	1	2
58	703	297	2	1	2
59	692	308	2	1	2
60	716	284	2	1	2
61	924	76	2	1	1
62	918	82	2	1	1
63	922	78	2	1	1
64	918	82	2	1	1
65	937	63	2	1	1
66	930	70	2	1	1
67	929	71	2	1	1
68	931	69	2	1	1
69	930	70	2	1	1
70	926	74	2	1	1
71	905	95	2	1	1
72	919	81	2	1	1
73	934	66	2	1	1
74	932	68	2	1	1
75	928	72	2	1	1
76	921	79	2	1	1
77	925	75	2	1	1
78	936	64	2	1	1
79	935	65	2	1	1
80	924	76	2	1	1
81	799	201	2	0	2
82	819	181	2	0	2
83	790	210	2	0	2
84	804	196	2	0	2
85	800	200	2	0	2
86	785	215	2	0	2
87	788	212	2	0	2
88	814	186	2	0	2
89	800	200	2	0	2
90	806	194	2	0	2
91	805	195	2	0	2
92	775	225	2	0	2
93	797	203	2	0	2
94	822	178	2	0	2
95	833	167	2	0	2
96	780	220	2	0	2
97	799	201	2	0	2
98	812	188	2	0	2
99	795	205	2	0	2
100	815	185	2	0	2
