mutation_id	ref_counts	var_counts	normal_cn	minor_cn	major_cn
1	493	507	2	1	1
2	486	514	2	1	1
3	483	517	2	1	1
4	517	483	2	1	1
5	498	502	2	1	1
6	494	506	2	1	1
7	478	522	2	1	1
8	498	502	2	1	1
9	493	507	2	1	1
10	503	497	2	1	1
11	531	469	2	1	1
12	541	459	2	1	1
13	565	435	2	1	1
14	540	460	2	1	1
15	551	449	2	1	1
16	550	450	2	1	1
17	529	471	2	1	1
18	554	446	2	1	1
19	548	452	2	1	1
20	547	453	2	1	1
21	703	297	2	1	2
22	682	318	2	1	2
23	697	303	2	1	2
24	690	310	2	1	2
25	727	273	2	1	2
26	705	295	2	1	2
27	696	304	2	1	2
28	710	290	2	1	2
29	690	310	2	1	2
30	705	295	2	1	2
31	930	70	2	1	1
32	927	73	2	1	1
33	925	75	2	1	1
34	916	84	2	1	1
35	924	76	2	1	1
36	922	78	2	1	1
37	916	84	2	1	1
38	921	79	2	1	1
39	931	69	2	1	1
40	940	60	2	1	1
41	808	192	2	0	2
42	816	184	2	0	2
43	806	194	2	0	2
44	807	193	2	0	2
45	786	214	2	0	2
46	807	193	2	0	2
47	787	213	2	0	2
48	811	189	2	0	2
49	814	186	2	0	2
50	799	201	2	0	2
