mutation_id	ref_counts	var_counts	normal_cn	minor_cn	major_cn
1	63	57	2	1	1
2	56	64	2	1	1
3	60	60	2	1	1
4	58	62	2	1	1
5	61	59	2	1	1
6	57	63	2	1	1
7	60	60	2	1	1
8	56	64	2	1	1
9	72	48	2	1	1
10	55	65	2	1	1
11	70	50	2	1	1
12	62	58	2	1	1
13	65	55	2	1	1
14	73	47	2	1	1
15	59	61	2	1	1
16	72	48	2	1	1
17	72	48	2	1	1
18	61	59	2	1	1
19	66	54	2	1	1
20	70	50	2	1	1
21	85	35	2	1	2
22	93	27	2	1	2
23	79	41	2	1	2
24	81	39	2	1	2
25	79	41	2	1	2
26	88	32	2	1	2
27	89	31	2	1	2
28	92	28	2	1	2
29	93	27	2	1	2
30	82	38	2	1	2
31	113	7	2	1	1
32	109	11	2	1	1
33	112	8	2	1	1
34	114	6	2	1	1
35	112	8	2	1	1
36	113	7	2	1	1
37	113	7	2	1	1
38	115	5	2	1	1
39	113	7	2	1	1
40	114	6	2	1	1
41	96	24	2	0	2
42	83	37	2	0	2
43	100	20	2	0	2
44	90	30	2	0	2
45	97	23	2	0	2
46	97	23	2	0	2
47	90	30	2	0	2
48	102	18	2	0	2
49	97	23	2	0	2
50	97	23	2	0	2
