mutation_id	ref_counts	var_counts	normal_cn	minor_cn	major_cn
1	13	17	2	1	1
2	13	17	2	1	1
3	18	12	2	1	1
4	10	20	2	1	1
5	13	17	2	1	1
6	17	13	2	1	1
7	16	14	2	1	1
8	13	17	2	1	1
9	12	18	2	1	1
10	13	17	2	1	1
11	17	13	2	1	1
12	17	13	2	1	1
13	18	12	2	1	1
14	18	12	2	1	1
15	17	13	2	1	1
16	18	12	2	1	1
17	15	15	2	1	1
18	14	16	2	1	1
19	18	12	2	1	1
20	18	12	2	1	1
21	22	8	2	1	2
22	27	3	2	1	2
23	22	8	2	1	2
24	22	8	2	1	2
25	24	6	2	1	2
26	24	6	2	1	2
27	22	8	2	1	2
28	22	8	2	1	2
29	22	8	2	1	2
30	24	6	2	1	2
31	29	1	2	1	1
32	27	3	2	1	1
33	27	3	2	1	1
34	28	2	2	1	1
35	28	2	2	1	1
36	29	1	2	1	1
37	26	4	2	1	1
38	27	3	2	1	1
39	25	5	2	1	1
40	27	3	2	1	1
41	25	5	2	0	2
42	18	12	2	0	2
43	24	6	2	0	2
44	24	6	2	0	2
45	21	9	2	0	2
46	22	8	2	0	2
47	25	5	2	0	2
48	24	6	2	0	2
49	26	4	2	0	2
50	24	6	2	0	2
