mutation_id	ref_counts	var_counts	normal_cn	minor_cn	major_cn
1	33	27	2	1	1
2	26	34	2	1	1
3	26	34	2	1	1
4	31	29	2	1	1
5	35	25	2	1	1
6	31	29	2	1	1
7	30	30	2	1	1
8	33	27	2	1	1
9	34	26	2	1	1
10	33	27	2	1	1
11	26	34	2	1	1
12	33	27	2	1	1
13	37	23	2	1	1
14	38	22	2	1	1
15	36	24	2	1	1
16	36	24	2	1	1
17	34	26	2	1	1
18	36	24	2	1	1
19	33	27	2	1	1
20	34	26	2	1	1
21	40	20	2	1	2
22	44	16	2	1	2
23	44	16	2	1	2
24	41	19	2	1	2
25	38	22	2	1	2
26	41	19	2	1	2
27	39	21	2	1	2
28	41	19	2	1	2
29	44	16	2	1	2
30	41	19	2	1	2
31	58	2	2	1	1
32	56	4	2	1	1
33	58	2	2	1	1
34	55	5	2	1	1
35	55	5	2	1	1
36	54	6	2	1	1
37	58	2	2	1	1
38	54	6	2	1	1
39	56	4	2	1	1
40	55	5	2	1	1
41	52	8	2	0	2
42	54	6	2	0	2
43	46	14	2	0	2
44	46	14	2	0	2
45	42	18	2	0	2
46	50	10	2	0	2
47	51	9	2	0	2
48	46	14	2	0	2
49	52	8	2	0	2
50	48	12	2	0	2
