mutation_id	ref_counts	var_counts	normal_cn	minor_cn	major_cn
1	29	31	2	1	1
2	36	24	2	1	1
3	30	30	2	1	1
4	27	33	2	1	1
5	29	31	2	1	1
6	24	36	2	1	1
7	32	28	2	1	1
8	26	34	2	1	1
9	25	35	2	1	1
10	30	30	2	1	1
11	34	26	2	1	1
12	36	24	2	1	1
13	28	32	2	1	1
14	28	32	2	1	1
15	39	21	2	1	1
16	32	28	2	1	1
17	38	22	2	1	1
18	40	20	2	1	1
19	30	30	2	1	1
20	42	18	2	1	1
21	46	14	2	1	2
22	36	24	2	1	2
23	44	16	2	1	2
24	47	13	2	1	2
25	42	18	2	1	2
26	39	21	2	1	2
27	39	21	2	1	2
28	43	17	2	1	2
29	42	18	2	1	2
30	43	17	2	1	2
31	55	5	2	1	1
32	54	6	2	1	1
33	56	4	2	1	1
34	54	6	2	1	1
35	58	2	2	1	1
36	57	3	2	1	1
37	55	5	2	1	1
38	56	4	2	1	1
39	58	2	2	1	1
40	56	4	2	1	1
41	54	6	2	0	2
42	49	11	2	0	2
43	45	15	2	0	2
44	48	12	2	0	2
45	53	7	2	0	2
46	48	12	2	0	2
47	52	8	2	0	2
48	51	9	2	0	2
49	44	16	2	0	2
50	50	10	2	0	2
