mutation_id	ref_counts	var_counts	normal_cn	minor_cn	major_cn
1	14	16	2	1	1
2	17	13	2	1	1
3	15	15	2	1	1
4	15	15	2	1	1
5	13	17	2	1	1
6	20	10	2	1	1
7	12	18	2	1	1
8	16	14	2	1	1
9	20	10	2	1	1
10	19	11	2	1	1
11	11	19	2	1	1
12	12	18	2	1	1
13	14	16	2	1	1
14	12	18	2	1	1
15	19	11	2	1	1
16	14	16	2	1	1
17	15	15	2	1	1
18	15	15	2	1	1
19	20	10	2	1	1
20	15	15	2	1	1
21	17	13	2	1	1
22	18	12	2	1	1
23	19	11	2	1	1
24	17	13	2	1	1
25	18	12	2	1	1
26	15	15	2	1	1
27	14	16	2	1	1
28	15	15	2	1	1
29	14	16	2	1	1
30	16	14	2	1	1
31	14	16	2	1	1
32	18	12	2	1	1
33	14	16	2	1	1
34	13	17	2	1	1
35	18	12	2	1	1
36	18	12	2	1	1
37	14	16	2	1	1
38	19	11	2	1	1
39	12	18	2	1	1
40	20	10	2	1	1
41	25	5	2	1	2
42	24	6	2	1	2
43	22	8	2	1	2
44	20	10	2	1	2
45	23	7	2	1	2
46	21	9	2	1	2
47	22	8	2	1	2
48	17	13	2	1	2
49	20	10	2	1	2
50	21	9	2	1	2
51	21	9	2	1	2
52	22	8	2	1	2
53	24	6	2	1	2
54	24	6	2	1	2
55	23	7	2	1	2
56	18	12	2	1	2
57	21	9	2	1	2
58	20	10	2	1	2
59	20	10	2	1	2
60	24	6	2	1	2
61	28	2	2	1	1
62	29	1	2	1	1
63	28	2	2	1	1
64	26	4	2	1	1
65	25	5	2	1	1
66	29	1	2	1	1
67	28	2	2	1	1
68	28	2	2	1	1
69	28	2	2	1	1
70	28	2	2	1	1
71	29	1	2	1	1
72	27	3	2	1	1
73	24	6	2	1	1
74	27	3	2	1	1
75	28	2	2	1	1
76	29	1	2	1	1
77	27	3	2	1	1
78	28	2	2	1	1
79	29	1	2	1	1
80	24	6	2	1	1
81	19	11	2	0	2
82	22	8	2	0	2
83	29	1	2	0	2
84	25	5	2	0	2
85	24	6	2	0	2
86	25	5	2	0	2
87	26	4	2	0	2
88	22	8	2	0	2
89	27	3	2	0	2
90	26	4	2	0	2
91	26	4	2	0	2
92	26	4	2	0	2
93	20	10	2	0	2
94	24	6	2	0	2
95	24	6	2	0	2
96	18	12	2	0	2
97	26	4	2	0	2
98	25	5	2	0	2
99	26	4	2	0	2
100	23	7	2	0	2
