mutation_id	ref_counts	var_counts	normal_cn	minor_cn	major_cn
1	18	12	2	1	1
2	14	16	2	1	1
3	13	17	2	1	1
4	20	10	2	1	1
5	12	18	2	1	1
6	13	17	2	1	1
7	19	11	2	1	1
8	10	20	2	1	1
9	11	19	2	1	1
10	12	18	2	1	1
11	16	14	2	1	1
12	12	18	2	1	1
13	14	16	2	1	1
14	8	22	2	1	1
15	15	15	2	1	1
16	17	13	2	1	1
17	14	16	2	1	1
18	15	15	2	1	1
19	12	18	2	1	1
20	16	14	2	1	1
21	18	12	2	1	1
22	21	9	2	1	1
23	18	12	2	1	1
24	16	14	2	1	1
25	17	13	2	1	1
26	17	13	2	1	1
27	17	13	2	1	1
28	17	13	2	1	1
29	18	12	2	1	1
30	12	18	2	1	1
31	17	13	2	1	1
32	13	17	2	1	1
33	12	18	2	1	1
34	15	15	2	1	1
35	18	12	2	1	1
36	17	13	2	1	1
37	13	17	2	1	1
38	16	14	2	1	1
39	15	15	2	1	1
40	16	14	2	1	1
41	18	12	2	1	2
42	20	10	2	1	2
43	20	10	2	1	2
44	23	7	2	1	2
45	17	13	2	1	2
46	13	17	2	1	2
47	17	13	2	1	2
48	19	11	2	1	2
49	16	14	2	1	2
50	19	11	2	1	2
51	24	6	2	1	2
52	22	8	2	1	2
53	20	10	2	1	2
54	21	9	2	1	2
55	19	11	2	1	2
56	18	12	2	1	2
57	24	6	2	1	2
58	22	8	2	1	2
59	23	7	2	1	2
60	18	12	2	1	2
61	28	2	2	1	1
62	26	4	2	1	1
63	26	4	2	1	1
64	26	4	2	1	1
65	27	3	2	1	1
66	26	4	2	1	1
67	29	1	2	1	1
68	28	2	2	1	1
69	27	3	2	1	1
70	28	2	2	1	1
71	28	2	2	1	1
72	30	0	2	1	1
73	29	1	2	1	1
74	26	4	2	1	1
75	25	5	2	1	1
76	28	2	2	1	1
77	27	3	2	1	1
78	26	4	2	1	1
79	28	2	2	1	1
80	27	3	2	1	1
81	27	3	2	0	2
82	23	7	2	0	2
83	19	11	2	0	2
84	26	4	2	0	2
85	22	8	2	0	2
86	23	7	2	0	2
87	25	5	2	0	2
88	25	5	2	0	2
89	25	5	2	0	2
90	24	6	2	0	2
91	27	3	2	0	2
92	22	8	2	0	2
93	24	6	2	0	2
94	20	10	2	0	2
95	17	13	2	0	2
96	26	4	2	0	2
97	25	5	2	0	2
98	21	9	2	0	2
99	24	6	2	0	2
100	21	9	2	0	2
