mutation_id	ref_counts	var_counts	normal_cn	minor_cn	major_cn
1	490	510	2	1	1
2	510	490	2	1	1
3	498	502	2	1	1
4	521	479	2	1	1
5	481	519	2	1	1
6	478	522	2	1	1
7	505	495	2	1	1
8	470	530	2	1	1
9	488	512	2	1	1
10	487	513	2	1	1
11	505	495	2	1	1
12	500	500	2	1	1
13	492	508	2	1	1
14	479	521	2	1	1
15	493	507	2	1	1
16	502	498	2	1	1
17	517	483	2	1	1
18	477	523	2	1	1
19	527	473	2	1	1
20	516	484	2	1	1
21	548	452	2	1	1
22	560	440	2	1	1
23	529	471	2	1	1
24	554	446	2	1	1
25	543	457	2	1	1
26	550	450	2	1	1
27	544	456	2	1	1
28	575	425	2	1	1
29	549	451	2	1	1
30	550	450	2	1	1
31	540	460	2	1	1
32	565	435	2	1	1
33	545	455	2	1	1
34	553	447	2	1	1
35	567	433	2	1	1
36	549	451	2	1	1
37	553	447	2	1	1
38	553	447	2	1	1
39	525	475	2	1	1
40	539	461	2	1	1
41	709	291	2	1	2
42	692	308	2	1	2
43	683	317	2	1	2
44	726	274	2	1	2
45	700	300	2	1	2
46	689	311	2	1	2
47	714	286	2	1	2
48	668	332	2	1	2
49	696	304	2	1	2
50	702	298	2	1	2
51	699	301	2	1	2
52	667	333	2	1	2
53	712	288	2	1	2
54	705	295	2	1	2
55	698	302	2	1	2
56	711	289	2	1	2
57	726	274	2	1	2
58	712	288	2	1	2
59	702	298	2	1	2
60	707	293	2	1	2
61	912	88	2	1	1
62	928	72	2	1	1
63	916	84	2	1	1
64	928	72	2	1	1
65	935	65	2	1	1
66	918	82	2	1	1
67	924	76	2	1	1
68	936	64	2	1	1
69	918	82	2	1	1
70	929	71	2	1	1
71	917	83	2	1	1
72	926	74	2	1	1
73	932	68	2	1	1
74	912	88	2	1	1
75	917	83	2	1	1
76	906	94	2	1	1
77	932	68	2	1	1
78	926	74	2	1	1
79	929	71	2	1	1
80	929	71	2	1	1
81	784	216	2	0	2
82	832	168	2	0	2
83	803	197	2	0	2
84	791	209	2	0	2
85	796	204	2	0	2
86	812	188	2	0	2
87	780	220	2	0	2
88	799	201	2	0	2
89	816	184	2	0	2
90	814	186	2	0	2
91	808	192	2	0	2
92	819	181	2	0	2
93	792	208	2	0	2
94	783	217	2	0	2
95	798	202	2	0	2
96	795	205	2	0	2
97	803	197	2	0	2
98	817	183	2	0	2
99	793	207	2	0	2
100	811	189	2	0	2
