mutation_id	ref_counts	var_counts	normal_cn	minor_cn	major_cn
1	12	18	2	1	1
2	22	8	2	1	1
3	15	15	2	1	1
4	15	15	2	1	1
5	17	13	2	1	1
6	17	13	2	1	1
7	17	13	2	1	1
8	15	15	2	1	1
9	13	17	2	1	1
10	14	16	2	1	1
11	12	18	2	1	1
12	10	20	2	1	1
13	13	17	2	1	1
14	12	18	2	1	1
15	17	13	2	1	1
16	17	13	2	1	1
17	16	14	2	1	1
18	17	13	2	1	1
19	13	17	2	1	1
20	13	17	2	1	1
21	14	16	2	1	1
22	15	15	2	1	1
23	14	16	2	1	1
24	12	18	2	1	1
25	16	14	2	1	1
26	17	13	2	1	1
27	22	8	2	1	1
28	12	18	2	1	1
29	16	14	2	1	1
30	20	10	2	1	1
31	22	8	2	1	1
32	19	11	2	1	1
33	14	16	2	1	1
34	19	11	2	1	1
35	17	13	2	1	1
36	15	15	2	1	1
37	21	9	2	1	1
38	22	8	2	1	1
39	17	13	2	1	1
40	18	12	2	1	1
41	21	9	2	1	2
42	23	7	2	1	2
43	17	13	2	1	2
44	18	12	2	1	2
45	17	13	2	1	2
46	24	6	2	1	2
47	22	8	2	1	2
48	18	12	2	1	2
49	21	9	2	1	2
50	17	13	2	1	2
51	17	13	2	1	2
52	20	10	2	1	2
53	22	8	2	1	2
54	23	7	2	1	2
55	26	4	2	1	2
56	23	7	2	1	2
57	19	11	2	1	2
58	22	8	2	1	2
59	22	8	2	1	2
60	24	6	2	1	2
61	24	6	2	1	1
62	29	1	2	1	1
63	28	2	2	1	1
64	28	2	2	1	1
65	27	3	2	1	1
66	29	1	2	1	1
67	29	1	2	1	1
68	25	5	2	1	1
69	30	0	2	1	1
70	28	2	2	1	1
71	29	1	2	1	1
72	28	2	2	1	1
73	27	3	2	1	1
74	27	3	2	1	1
75	25	5	2	1	1
76	28	2	2	1	1
77	28	2	2	1	1
78	24	6	2	1	1
79	29	1	2	1	1
80	28	2	2	1	1
81	21	9	2	0	2
82	27	3	2	0	2
83	27	3	2	0	2
84	25	5	2	0	2
85	24	6	2	0	2
86	23	7	2	0	2
87	25	5	2	0	2
88	18	12	2	0	2
89	21	9	2	0	2
90	24	6	2	0	2
91	24	6	2	0	2
92	25	5	2	0	2
93	23	7	2	0	2
94	23	7	2	0	2
95	23	7	2	0	2
96	25	5	2	0	2
97	27	3	2	0	2
98	26	4	2	0	2
99	26	4	2	0	2
100	25	5	2	0	2
