mutation_id	ref_counts	var_counts	normal_cn	minor_cn	major_cn
1	71	49	2	1	1
2	67	53	2	1	1
3	65	55	2	1	1
4	66	54	2	1	1
5	66	54	2	1	1
6	60	60	2	1	1
7	65	55	2	1	1
8	62	58	2	1	1
9	58	62	2	1	1
10	67	53	2	1	1
11	62	58	2	1	1
12	54	66	2	1	1
13	65	55	2	1	1
14	60	60	2	1	1
15	60	60	2	1	1
16	59	61	2	1	1
17	57	63	2	1	1
18	71	49	2	1	1
19	53	67	2	1	1
20	55	65	2	1	1
21	71	49	2	1	1
22	71	49	2	1	1
23	65	55	2	1	1
24	75	45	2	1	1
25	63	57	2	1	1
26	59	61	2	1	1
27	69	51	2	1	1
28	74	46	2	1	1
29	71	49	2	1	1
30	78	42	2	1	1
31	62	58	2	1	1
32	64	56	2	1	1
33	63	57	2	1	1
34	71	49	2	1	1
35	75	45	2	1	1
36	72	48	2	1	1
37	69	51	2	1	1
38	69	51	2	1	1
39	72	48	2	1	1
40	59	61	2	1	1
41	89	31	2	1	2
42	87	33	2	1	2
43	80	40	2	1	2
44	83	37	2	1	2
45	91	29	2	1	2
46	83	37	2	1	2
47	82	38	2	1	2
48	76	44	2	1	2
49	81	39	2	1	2
50	82	38	2	1	2
51	80	40	2	1	2
52	93	27	2	1	2
53	83	37	2	1	2
54	88	32	2	1	2
55	92	28	2	1	2
56	88	32	2	1	2
57	80	40	2	1	2
58	81	39	2	1	2
59	84	36	2	1	2
60	74	46	2	1	2
61	107	13	2	1	1
62	111	9	2	1	1
63	110	10	2	1	1
64	110	10	2	1	1
65	112	8	2	1	1
66	117	3	2	1	1
67	109	11	2	1	1
68	105	15	2	1	1
69	109	11	2	1	1
70	111	9	2	1	1
71	114	6	2	1	1
72	108	12	2	1	1
73	110	10	2	1	1
74	105	15	2	1	1
75	114	6	2	1	1
76	111	9	2	1	1
77	114	6	2	1	1
78	111	9	2	1	1
79	113	7	2	1	1
80	106	14	2	1	1
81	90	30	2	0	2
82	102	18	2	0	2
83	97	23	2	0	2
84	99	21	2	0	2
85	102	18	2	0	2
86	100	20	2	0	2
87	88	32	2	0	2
88	91	29	2	0	2
89	92	28	2	0	2
90	101	19	2	0	2
91	99	21	2	0	2
92	95	25	2	0	2
93	97	23	2	0	2
94	91	29	2	0	2
95	92	28	2	0	2
96	97	23	2	0	2
97	95	25	2	0	2
98	100	20	2	0	2
99	99	21	2	0	2
100	96	24	2	0	2
