mutation_id	ref_counts	var_counts	normal_cn	minor_cn	major_cn
1	520	480	2	1	1
2	499	501	2	1	1
3	524	476	2	1	1
4	488	512	2	1	1
5	482	518	2	1	1
6	483	517	2	1	1
7	483	517	2	1	1
8	503	497	2	1	1
9	523	477	2	1	1
10	515	485	2	1	1
11	461	539	2	1	1
12	482	518	2	1	1
13	506	494	2	1	1
14	480	520	2	1	1
15	524	476	2	1	1
16	526	474	2	1	1
17	502	498	2	1	1
18	512	488	2	1	1
19	502	498	2	1	1
20	486	514	2	1	1
21	566	434	2	1	1
22	560	440	2	1	1
23	575	425	2	1	1
24	533	467	2	1	1
25	547	453	2	1	1
26	596	404	2	1	1
27	559	441	2	1	1
28	545	455	2	1	1
29	550	450	2	1	1
30	555	445	2	1	1
31	569	431	2	1	1
32	548	452	2	1	1
33	572	428	2	1	1
34	548	452	2	1	1
35	563	437	2	1	1
36	546	454	2	1	1
37	578	422	2	1	1
38	554	446	2	1	1
39	529	471	2	1	1
40	521	479	2	1	1
41	713	287	2	1	2
42	681	319	2	1	2
43	719	281	2	1	2
44	710	290	2	1	2
45	718	282	2	1	2
46	692	308	2	1	2
47	693	307	2	1	2
48	712	288	2	1	2
49	687	313	2	1	2
50	676	324	2	1	2
51	669	331	2	1	2
52	676	324	2	1	2
53	675	325	2	1	2
54	684	316	2	1	2
55	708	292	2	1	2
56	709	291	2	1	2
57	680	320	2	1	2
58	720	280	2	1	2
59	726	274	2	1	2
60	693	307	2	1	2
61	927	73	2	1	1
62	927	73	2	1	1
63	917	83	2	1	1
64	925	75	2	1	1
65	923	77	2	1	1
66	913	87	2	1	1
67	919	81	2	1	1
68	913	87	2	1	1
69	920	80	2	1	1
70	928	72	2	1	1
71	929	71	2	1	1
72	930	70	2	1	1
73	918	82	2	1	1
74	933	67	2	1	1
75	913	87	2	1	1
76	916	84	2	1	1
77	933	67	2	1	1
78	930	70	2	1	1
79	917	83	2	1	1
80	922	78	2	1	1
81	794	206	2	0	2
82	781	219	2	0	2
83	801	199	2	0	2
84	805	195	2	0	2
85	788	212	2	0	2
86	816	184	2	0	2
87	815	185	2	0	2
88	807	193	2	0	2
89	796	204	2	0	2
90	797	203	2	0	2
91	803	197	2	0	2
92	785	215	2	0	2
93	801	199	2	0	2
94	800	200	2	0	2
95	813	187	2	0	2
96	783	217	2	0	2
97	813	187	2	0	2
98	824	176	2	0	2
99	797	203	2	0	2
100	812	188	2	0	2
