mutation_id	ref_counts	var_counts	normal_cn	minor_cn	major_cn
1	29	31	2	1	1
2	32	28	2	1	1
3	31	29	2	1	1
4	32	28	2	1	1
5	31	29	2	1	1
6	24	36	2	1	1
7	29	31	2	1	1
8	30	30	2	1	1
9	36	24	2	1	1
10	31	29	2	1	1
11	38	22	2	1	1
12	30	30	2	1	1
13	31	29	2	1	1
14	34	26	2	1	1
15	36	24	2	1	1
16	29	31	2	1	1
17	34	26	2	1	1
18	33	27	2	1	1
19	34	26	2	1	1
20	34	26	2	1	1
21	44	16	2	1	2
22	45	15	2	1	2
23	40	20	2	1	2
24	37	23	2	1	2
25	45	15	2	1	2
26	42	18	2	1	2
27	40	20	2	1	2
28	40	20	2	1	2
29	45	15	2	1	2
30	37	23	2	1	2
31	54	6	2	1	1
32	58	2	2	1	1
33	55	5	2	1	1
34	54	6	2	1	1
35	56	4	2	1	1
36	57	3	2	1	1
37	58	2	2	1	1
38	57	3	2	1	1
39	53	7	2	1	1
40	56	4	2	1	1
41	51	9	2	0	2
42	51	9	2	0	2
43	52	8	2	0	2
44	50	10	2	0	2
45	49	11	2	0	2
46	44	16	2	0	2
47	45	15	2	0	2
48	52	8	2	0	2
49	47	13	2	0	2
50	47	13	2	0	2
