mutation_id	ref_counts	var_counts	normal_cn	minor_cn	major_cn
1	22	38	2	1	1
2	30	30	2	1	1
3	28	32	2	1	1
4	25	35	2	1	1
5	29	31	2	1	1
6	32	28	2	1	1
7	32	28	2	1	1
8	31	29	2	1	1
9	23	37	2	1	1
10	30	30	2	1	1
11	38	22	2	1	1
12	33	27	2	1	1
13	31	29	2	1	1
14	33	27	2	1	1
15	28	32	2	1	1
16	34	26	2	1	1
17	31	29	2	1	1
18	35	25	2	1	1
19	26	34	2	1	1
20	26	34	2	1	1
21	39	21	2	1	1
22	30	30	2	1	1
23	29	31	2	1	1
24	30	30	2	1	1
25	28	32	2	1	1
26	34	26	2	1	1
27	31	29	2	1	1
28	39	21	2	1	1
29	28	32	2	1	1
30	34	26	2	1	1
31	36	24	2	1	1
32	35	25	2	1	1
33	40	20	2	1	1
34	37	23	2	1	1
35	33	27	2	1	1
36	26	34	2	1	1
37	32	28	2	1	1
38	36	24	2	1	1
39	34	26	2	1	1
40	35	25	2	1	1
41	30	30	2	1	2
42	42	18	2	1	2
43	41	19	2	1	2
44	45	15	2	1	2
45	44	16	2	1	2
46	43	17	2	1	2
47	46	14	2	1	2
48	39	21	2	1	2
49	41	19	2	1	2
50	40	20	2	1	2
51	43	17	2	1	2
52	40	20	2	1	2
53	42	18	2	1	2
54	44	16	2	1	2
55	46	14	2	1	2
56	41	19	2	1	2
57	41	19	2	1	2
58	36	24	2	1	2
59	43	17	2	1	2
60	44	16	2	1	2
61	53	7	2	1	1
62	52	8	2	1	1
63	55	5	2	1	1
64	57	3	2	1	1
65	56	4	2	1	1
66	59	1	2	1	1
67	56	4	2	1	1
68	58	2	2	1	1
69	53	7	2	1	1
70	53	7	2	1	1
71	53	7	2	1	1
72	54	6	2	1	1
73	58	2	2	1	1
74	60	0	2	1	1
75	57	3	2	1	1
76	57	3	2	1	1
77	54	6	2	1	1
78	51	9	2	1	1
79	54	6	2	1	1
80	58	2	2	1	1
81	47	13	2	0	2
82	49	11	2	0	2
83	48	12	2	0	2
84	49	11	2	0	2
85	48	12	2	0	2
86	46	14	2	0	2
87	51	9	2	0	2
88	51	9	2	0	2
89	47	13	2	0	2
90	51	9	2	0	2
91	52	8	2	0	2
92	50	10	2	0	2
93	48	12	2	0	2
94	43	17	2	0	2
95	46	14	2	0	2
96	53	7	2	0	2
97	48	12	2	0	2
98	41	19	2	0	2
99	51	9	2	0	2
100	45	15	2	0	2
