mutation_id	ref_counts	var_counts	normal_cn	minor_cn	major_cn
1	535	465	2	1	1
2	484	516	2	1	1
3	479	521	2	1	1
4	516	484	2	1	1
5	507	493	2	1	1
6	464	536	2	1	1
7	501	499	2	1	1
8	494	506	2	1	1
9	504	496	2	1	1
10	539	461	2	1	1
11	518	482	2	1	1
12	517	483	2	1	1
13	467	533	2	1	1
14	489	511	2	1	1
15	503	497	2	1	1
16	523	477	2	1	1
17	547	453	2	1	1
18	510	490	2	1	1
19	502	498	2	1	1
20	492	508	2	1	1
21	572	428	2	1	1
22	569	431	2	1	1
23	555	445	2	1	1
24	537	463	2	1	1
25	566	434	2	1	1
26	544	456	2	1	1
27	541	459	2	1	1
28	566	434	2	1	1
29	544	456	2	1	1
30	543	457	2	1	1
31	549	451	2	1	1
32	544	456	2	1	1
33	554	446	2	1	1
34	527	473	2	1	1
35	563	437	2	1	1
36	541	459	2	1	1
37	527	473	2	1	1
38	533	467	2	1	1
39	537	463	2	1	1
40	543	457	2	1	1
41	688	312	2	1	2
42	697	303	2	1	2
43	718	282	2	1	2
44	701	299	2	1	2
45	699	301	2	1	2
46	704	296	2	1	2
47	706	294	2	1	2
48	699	301	2	1	2
49	693	307	2	1	2
50	685	315	2	1	2
51	691	309	2	1	2
52	672	328	2	1	2
53	701	299	2	1	2
54	683	317	2	1	2
55	680	320	2	1	2
56	697	303	2	1	2
57	680	320	2	1	2
58	699	301	2	1	2
59	692	308	2	1	2
60	691	309	2	1	2
61	928	72	2	1	1
62	928	72	2	1	1
63	919	81	2	1	1
64	938	62	2	1	1
65	937	63	2	1	1
66	931	69	2	1	1
67	937	63	2	1	1
68	935	65	2	1	1
69	931	69	2	1	1
70	926	74	2	1	1
71	916	84	2	1	1
72	929	71	2	1	1
73	936	64	2	1	1
74	922	78	2	1	1
75	925	75	2	1	1
76	939	61	2	1	1
77	932	68	2	1	1
78	923	77	2	1	1
79	904	96	2	1	1
80	915	85	2	1	1
81	793	207	2	0	2
82	804	196	2	0	2
83	806	194	2	0	2
84	804	196	2	0	2
85	801	199	2	0	2
86	774	226	2	0	2
87	813	187	2	0	2
88	802	198	2	0	2
89	798	202	2	0	2
90	796	204	2	0	2
91	814	186	2	0	2
92	809	191	2	0	2
93	803	197	2	0	2
94	798	202	2	0	2
95	798	202	2	0	2
96	792	208	2	0	2
97	815	185	2	0	2
98	789	211	2	0	2
99	799	201	2	0	2
100	799	201	2	0	2
