mutation_id	ref_counts	var_counts	normal_cn	minor_cn	major_cn
1	58	62	2	1	1
2	58	62	2	1	1
3	62	58	2	1	1
4	54	66	2	1	1
5	61	59	2	1	1
6	67	53	2	1	1
7	57	63	2	1	1
8	59	61	2	1	1
9	63	57	2	1	1
10	58	62	2	1	1
11	65	55	2	1	1
12	66	54	2	1	1
13	58	62	2	1	1
14	57	63	2	1	1
15	59	61	2	1	1
16	58	62	2	1	1
17	62	58	2	1	1
18	64	56	2	1	1
19	67	53	2	1	1
20	63	57	2	1	1
21	66	54	2	1	1
22	65	55	2	1	1
23	59	61	2	1	1
24	71	49	2	1	1
25	64	56	2	1	1
26	60	60	2	1	1
27	61	59	2	1	1
28	68	52	2	1	1
29	55	65	2	1	1
30	63	57	2	1	1
31	79	41	2	1	1
32	63	57	2	1	1
33	50	70	2	1	1
34	73	47	2	1	1
35	63	57	2	1	1
36	70	50	2	1	1
37	67	53	2	1	1
38	63	57	2	1	1
39	65	55	2	1	1
40	66	54	2	1	1
41	73	47	2	1	2
42	84	36	2	1	2
43	90	30	2	1	2
44	86	34	2	1	2
45	85	35	2	1	2
46	79	41	2	1	2
47	89	31	2	1	2
48	82	38	2	1	2
49	78	42	2	1	2
50	81	39	2	1	2
51	74	46	2	1	2
52	79	41	2	1	2
53	83	37	2	1	2
54	75	45	2	1	2
55	78	42	2	1	2
56	81	39	2	1	2
57	84	36	2	1	2
58	84	36	2	1	2
59	82	38	2	1	2
60	71	49	2	1	2
61	114	6	2	1	1
62	113	7	2	1	1
63	114	6	2	1	1
64	115	5	2	1	1
65	111	9	2	1	1
66	111	9	2	1	1
67	111	9	2	1	1
68	110	10	2	1	1
69	114	6	2	1	1
70	113	7	2	1	1
71	111	9	2	1	1
72	109	11	2	1	1
73	115	5	2	1	1
74	111	9	2	1	1
75	107	13	2	1	1
76	112	8	2	1	1
77	112	8	2	1	1
78	112	8	2	1	1
79	110	10	2	1	1
80	110	10	2	1	1
81	108	12	2	0	2
82	98	22	2	0	2
83	93	27	2	0	2
84	91	29	2	0	2
85	94	26	2	0	2
86	99	21	2	0	2
87	97	23	2	0	2
88	96	24	2	0	2
89	94	26	2	0	2
90	94	26	2	0	2
91	109	11	2	0	2
92	100	20	2	0	2
93	93	27	2	0	2
94	95	25	2	0	2
95	93	27	2	0	2
96	91	29	2	0	2
97	99	21	2	0	2
98	103	17	2	0	2
99	98	22	2	0	2
100	99	21	2	0	2
